[328,415]
[328,415]
[195,408]
[195,401]
[188,394]
[181,387]
[174,380]
[167,373]
[160,366]
[153,359]
[146,352]
[139,345]
[132,338]
[125,331]
[118,324]
[111,317]
[104,310]
[97,303]
[90,296]
[83,289]
[76,282]
[69,275]
[62,268]
[55,261]
[48,254]
[41,247]
[34,240]
[27,233]
[20,226]
[13,219]
[6,212]
[0,205]
[7,198]
[14,191]
[21,184]
[28,177]
[35,170]
[42,163]
[49,156]
[56,149]
[63,142]
[70,135]
[77,128]
[84,121]
[91,114]
[98,107]
[105,100]
[112,93]
[119,86]
[126,80]
[133,87]
[140,94]
[147,101]
[154,108]
[161,115]
[168,122]
[175,129]
[182,136]
[189,143]
[195,150]
[188,157]
[181,164]
[174,171]
[167,178]
[160,185]
[153,192]
[146,199]
[139,206]
[132,213]
[125,220]
[118,227]
[111,234]
[104,241]
[97,248]
[90,255]
[83,262]
[76,269]
[69,276]
[62,283]
[55,290]
[48,297]
[41,304]
[34,311]
[27,318]
[20,325]
[13,332]
[6,339]
[0,346]
[7,353]
[14,360]
[21,367]
[28,374]
[35,381]
[42,388]
[49,395]
[56,402]
[63,409]
[70,415]
[77,408]
[84,401]
[91,394]
[99,386]
[107,378]
[115,370]
[123,362]
[131,354]
[139,346]
[147,338]
[155,330]
[163,322]
[171,314]
[179,306]
[187,298]
[195,290]
[187,282]
[179,274]
[171,266]
[163,258]
[155,250]
[147,242]
[139,234]
[131,226]
[123,218]
[115,210]
[107,202]
[99,194]
[91,186]
[83,178]
[75,170]
[67,162]
[59,154]
[51,146]
[43,138]
[35,130]
[27,122]
[19,114]
[11,106]
[3,98]
[0,90]
[8,82]
[16,80]
[24,88]
[32,96]
[40,104]
[48,112]
[56,120]
[64,128]
[72,136]
[80,144]
[88,152]
[96,160]
[104,168]
[112,176]
[120,184]
[128,192]
[136,200]
[144,208]
[152,216]
[160,224]
[168,232]
[176,240]
[184,248]
[192,256]
[195,264]
[187,272]
[179,280]
[171,288]
[163,296]
[155,304]
[147,312]
[139,320]
[131,328]
[123,336]
[115,344]
[107,352]
[99,360]
[91,368]
[83,376]
[75,384]
[67,392]
[59,400]
[51,408]
[43,415]
[35,407]
[27,399]
[19,391]
[11,383]
[3,375]
[0,367]
[8,359]
[16,351]
[24,343]
[32,335]
[40,327]
[48,319]
[56,311]
[64,303]
[72,295]
[80,287]
[88,279]
[96,271]
[105,262]
[114,253]
[123,244]
[132,235]
[141,226]
[150,217]
[159,208]
[168,199]
[177,190]
[186,181]
[195,172]
[186,163]
[177,154]
[168,145]
[159,136]
[150,127]
[141,118]
[132,109]
[123,100]
[114,91]
[105,82]
[96,80]
[87,89]
[78,98]
[69,107]
[60,116]
[51,125]
[42,134]
[33,143]
[24,152]
[15,161]
[6,170]
[0,179]
[9,188]
[18,197]
[27,206]
[36,215]
[45,224]
[54,233]
[63,242]
[72,251]
[81,260]
[90,269]
[99,278]
[108,287]
[117,296]
[126,305]
[135,314]
[144,323]
[153,332]
[162,341]
[171,350]
[180,359]
[189,368]
[195,377]
[186,386]
[177,395]
[168,404]
[159,413]
[150,415]
[141,406]
[132,397]
[123,388]
[114,379]
[105,370]
[96,361]
[87,352]
[78,343]
[69,334]
[60,325]
[51,316]
[42,307]
[33,298]
[24,289]
[15,280]
[6,271]
[0,262]
[9,253]
[18,244]
[27,235]
[36,226]
[45,217]
[54,208]
[63,199]
[72,190]
[81,181]
[90,172]
[99,163]
[108,154]
[117,145]
[126,136]
[135,127]
[144,118]
[153,109]
[162,100]
[171,91]
[180,82]
[189,80]
[195,89]
[186,98]
[176,108]
[166,118]
[156,128]
[146,138]
[136,148]
[126,158]
[116,168]
[106,178]
[96,188]
[86,198]
[76,208]
[66,218]
[56,228]
[46,238]
[36,248]
[26,258]
[16,268]
[6,278]
[0,288]
[10,298]
[20,308]
[30,318]
[40,328]
[50,338]
[60,348]
[70,358]
[80,368]
[90,378]
[100,388]
[110,398]
[120,408]
[130,415]
[140,405]
[150,395]
[160,385]
[170,375]
[180,365]
[190,355]
[195,345]
[185,335]
[175,325]
[165,315]
[155,305]
[145,295]
[135,285]
[125,275]
[115,265]
[105,255]
[95,245]
[85,235]
[75,225]
[65,215]
[55,205]
[45,195]
[35,185]
[25,175]
[15,165]
[5,155]
[0,145]
[10,135]
[20,125]
[30,115]
[40,105]
[50,95]
[60,85]
[70,80]
[80,90]
[90,100]
[100,110]
[110,120]
[120,130]
[130,140]
[140,150]
[150,160]
[160,170]
[170,180]
[180,190]
[190,200]
[195,210]
[185,220]
[175,230]
[165,240]
[155,250]
[145,260]
[135,270]
[125,280]
[115,290]
[105,300]
[95,310]
[85,320]
[75,330]
[65,340]
[55,350]
[45,360]
[35,370]
[25,380]
[15,390]
[5,400]
[0,410]
[10,415]
[21,404]
[32,393]
[43,382]
[54,371]
[65,360]
[76,349]
[87,338]
[98,327]
[109,316]
[120,305]
[131,294]
[142,283]
[153,272]
[164,261]
[175,250]
[186,239]
[195,228]
[184,217]
[173,206]
[162,195]
[151,184]
[140,173]
[129,162]
[118,151]
[107,140]
[96,129]
[85,118]
[74,107]
[63,96]
[52,85]
[41,80]
[30,91]
[19,102]
[8,113]
[0,124]
[11,135]
[22,146]
[33,157]
[44,168]
[55,179]
[66,190]
[77,201]
[88,212]
[99,223]
[110,234]
[121,245]
[132,256]
[143,267]
[154,278]
[165,289]
[176,300]
[187,311]
[195,322]
[184,333]
[173,344]
[162,355]
[151,366]
[140,377]
[129,388]
[118,399]
[107,410]
[96,415]
[85,404]
[74,393]
[63,382]
[52,371]
[41,360]
[30,349]
[19,338]
[8,327]
[0,316]
[11,305]
[22,294]
[33,283]
[44,272]
[55,261]
[66,250]
[77,239]
[88,228]
[99,217]
[110,206]
[121,195]
[132,184]
[143,173]
[154,162]
[165,151]
[176,140]
[187,129]
[195,118]
[184,107]
[173,96]
[162,85]
[151,80]
[140,91]
[129,102]
[118,113]
[107,124]
[96,135]
[85,146]
[74,157]
[62,169]
[50,181]
[38,193]
[26,205]
[14,217]
[2,229]
[0,241]
[12,253]
[24,265]
[36,277]
[48,289]
[60,301]
[72,313]
[84,325]
[96,337]
[108,349]
[120,361]
[132,373]
[144,385]
[156,397]
[168,409]
[180,415]
[192,403]
[195,391]
[183,379]
[171,367]
[159,355]
[147,343]
[135,331]
[123,319]
[111,307]
[99,295]
[87,283]
[75,271]
[63,259]
[51,247]
[39,235]
[27,223]
[15,211]
[3,199]
[0,187]
[12,175]
[24,163]
[36,151]
[48,139]
[60,127]
[72,115]
[84,103]
[96,91]
[108,80]
[120,92]
[132,104]
[144,116]
[156,128]
[168,140]
[180,152]
[192,164]
[195,176]
[183,188]
[171,200]
[159,212]
[147,224]
[135,236]
[123,248]
[111,260]
[99,272]
[87,284]
[75,296]
[63,308]
[51,320]
[39,332]
[27,344]
[15,356]
[3,368]
[0,380]
[12,392]
[24,404]
[36,415]
[48,403]
[60,391]
[72,379]
[84,367]
[96,355]
[108,343]
[120,331]
[132,319]
[144,307]
[156,295]
[168,283]
[180,271]
[192,259]
[195,247]
[183,235]
[171,223]
[159,211]
[147,199]
[135,187]
[123,175]
[111,163]
[99,151]
[86,138]
[73,125]
[60,112]
[47,99]
[34,86]
[21,80]
[8,93]
[0,106]
[13,119]
[26,132]
[39,145]
[52,158]
[65,171]
[78,184]
[91,197]
[104,210]
[117,223]
[130,236]
[143,249]
[156,262]
[169,275]
[182,288]
[195,301]
[182,314]
[169,327]
[156,340]
[143,353]
[130,366]
[117,379]
[104,392]
[91,405]
[78,415]
[65,402]
[52,389]
[39,376]
[26,363]
[13,350]
[0,337]
[13,324]
[26,311]
[39,298]
[52,285]
[65,272]
[78,259]
[91,246]
[104,233]
[117,220]
[130,207]
[143,194]
[156,181]
[169,168]
[182,155]
[195,142]
[182,129]
[169,116]
[156,103]
[143,90]
[130,80]
[117,93]
[104,106]
[91,119]
[78,132]
[65,145]
[52,158]
[39,171]
[26,184]
[13,197]
[0,210]
[13,223]
[26,236]
[39,249]
[52,262]
[65,275]
[78,288]
[91,301]
[104,314]
[117,327]
[130,340]
[143,353]
[156,366]
[169,379]
[182,392]
[195,405]
[182,415]
[169,402]
[156,389]
[143,376]
[130,363]
[117,350]
[104,337]
[91,324]
[78,311]
[65,298]
[52,285]
[39,272]
[26,259]
[13,246]
[0,233]
[13,220]
[26,207]
[40,193]
[54,179]
[68,165]
[82,151]
[96,137]
[110,123]
[124,109]
[138,95]
[152,81]
[166,80]
[180,94]
[194,108]
[195,122]
[181,136]
[167,150]
[153,164]
[139,178]
[125,192]
[111,206]
[97,220]
[83,234]
[69,248]
[55,262]
[41,276]
[27,290]
[13,304]
[0,318]
[14,332]
[28,346]
[42,360]
[56,374]
[70,388]
[84,402]
[98,415]
[112,401]
[126,387]
[140,373]
[154,359]
[168,345]
[182,331]
[195,317]
[181,303]
[167,289]
[153,275]
[139,261]
[125,247]
[111,233]
[97,219]
[83,205]
[69,191]
[55,177]
[41,163]
[27,149]
[13,135]
[0,121]
[14,107]
[28,93]
[42,80]
[56,94]
[70,108]
[84,122]
[98,136]
[112,150]
[126,164]
[140,178]
[154,192]
[168,206]
[182,220]
[195,234]
[181,248]
[167,262]
[153,276]
[139,290]
[125,304]
[111,318]
[97,332]
[83,346]
[69,360]
[55,374]
[41,388]
[27,402]
[13,415]
[0,401]
[14,387]
[28,373]
[42,359]
[56,345]
[70,331]
[84,317]
[98,303]
[112,289]
[126,275]
[140,261]
[154,247]
[168,233]
[182,219]
[195,205]
[181,191]
[167,177]
[153,163]
[138,148]
[123,133]
[108,118]
[93,103]
[78,88]
[63,80]
[48,95]
[33,110]
[18,125]
[3,140]
[0,155]
[15,170]
[30,185]
[45,200]
[60,215]
[75,230]
[90,245]
[105,260]
[120,275]
[135,290]
[150,305]
[165,320]
[180,335]
[195,350]
[180,365]
[165,380]
[150,395]
[135,410]
[120,415]
[105,400]
[90,385]
[75,370]
[60,355]
[45,340]
[30,325]
[15,310]
[0,295]
[15,280]
[30,265]
[45,250]
[60,235]
[75,220]
[90,205]
[105,190]
[120,175]
[135,160]
[150,145]
[165,130]
[180,115]
[195,100]
[180,85]
[165,80]
[150,95]
[135,110]
[120,125]
[105,140]
[90,155]
[75,170]
[60,185]
[45,200]
[30,215]
[15,230]
[0,245]
[15,260]
[30,275]
[45,290]
[60,305]
[75,320]
[90,335]
[105,350]
[120,365]
[135,380]
[150,395]
[165,410]
[180,415]
[195,400]
[180,385]
[165,370]
[150,355]
[135,340]
[120,325]
[105,310]
[90,295]
[75,280]
[60,265]
[45,250]
[30,235]
[15,220]
[0,205]
[15,190]
[30,175]
[45,160]
[60,145]
[75,130]
[90,115]
[105,100]
[120,85]
[135,80]
[150,95]
[165,110]
[181,126]
[195,142]
[179,158]
[163,174]
[147,190]
[131,206]
[115,222]
[99,238]
[83,254]
[67,270]
[51,286]
[35,302]
[19,318]
[3,334]
[0,350]
[16,366]
[32,382]
[48,398]
[64,414]
[80,415]
[96,399]
[112,383]
[128,367]
[144,351]
[160,335]
[176,319]
[192,303]
[195,287]
[179,271]
[163,255]
[147,239]
[131,223]
[115,207]
[99,191]
[83,175]
[67,159]
[51,143]
[35,127]
[19,111]
[3,95]
[0,80]
[16,96]
[32,112]
[48,128]
[64,144]
[80,160]
[96,176]
[112,192]
[128,208]
[144,224]
[160,240]
[176,256]
[192,272]
[195,288]
[179,304]
[163,320]
[147,336]
[131,352]
[115,368]
[99,384]
[83,400]
[67,415]
[51,399]
[35,383]
[19,367]
[3,351]
[0,335]
[16,319]
[32,303]
[48,287]
[64,271]
[80,255]
[96,239]
[112,223]
[128,207]
[144,191]
[160,175]
[176,159]
[192,143]
[195,127]
[179,111]
[163,95]
[147,80]
[131,96]
[115,112]
[99,128]
[83,144]
[67,160]
[51,176]
[35,192]
[19,208]
[3,224]
[0,240]
[16,256]
[32,272]
[48,288]
[64,304]
[80,320]
[96,336]
[112,352]
[129,369]
[146,386]
[163,403]
[180,415]
[195,398]
[178,381]
[161,364]
[144,347]
[127,330]
[110,313]
[93,296]
[76,279]
[59,262]
[42,245]
[25,228]
[8,211]
[0,194]
[17,177]
[34,160]
[51,143]
[68,126]
[85,109]
[102,92]
[119,80]
[136,97]
[153,114]
[170,131]
[187,148]
[195,165]
[178,182]
[161,199]
[144,216]
[127,233]
[110,250]
[93,267]
[76,284]
[59,301]
[42,318]
[25,335]
[8,352]
[0,369]
[17,386]
[34,403]
[51,415]
[68,398]
[85,381]
[102,364]
[119,347]
[136,330]
[153,313]
[170,296]
[187,279]
[195,262]
[178,245]
[161,228]
[144,211]
[127,194]
[110,177]
[93,160]
[76,143]
[59,126]
[42,109]
[25,92]
[8,80]
[0,97]
[17,114]
[34,131]
[51,148]
[68,165]
[85,182]
[102,199]
[119,216]
[136,233]
[153,250]
[170,267]
[187,284]
[195,301]
[178,318]
[161,335]
[144,352]
[127,369]
[110,386]
[93,403]
[76,415]
[59,398]
[42,381]
[25,364]
[8,347]
[0,330]
[17,313]
[34,296]
[51,279]
[68,262]
[85,245]
[102,228]
[119,211]
[136,194]
[153,177]
[170,160]
[187,143]
[195,125]
[177,107]
[159,89]
[141,80]
[123,98]
[105,116]
[87,134]
[69,152]
[51,170]
[33,188]
[15,206]
[0,224]
[18,242]
[36,260]
[54,278]
[72,296]
[90,314]
[108,332]
[126,350]
[144,368]
[162,386]
[180,404]
[195,415]
[177,397]
[159,379]
[141,361]
[123,343]
[105,325]
[87,307]
[69,289]
[51,271]
[33,253]
[15,235]
[0,217]
[18,199]
[36,181]
[54,163]
[72,145]
[90,127]
[108,109]
[126,91]
[144,80]
[162,98]
[180,116]
[195,134]
[177,152]
[159,170]
[141,188]
[123,206]
[105,224]
[87,242]
[69,260]
[51,278]
[33,296]
[15,314]
[0,332]
[18,350]
[36,368]
[54,386]
[72,404]
[90,415]
[108,397]
[126,379]
[144,361]
[162,343]
[180,325]
[195,307]
[177,289]
[159,271]
[141,253]
[123,235]
[105,217]
[87,199]
[69,181]
[51,163]
[33,145]
[15,127]
[0,109]
[18,91]
[36,80]
[54,98]
[72,116]
[90,134]
[108,152]
[126,170]
[144,188]
[162,206]
[180,224]
[195,242]
[177,260]
[159,278]
[141,296]
[123,314]
[105,332]
[87,350]
[69,368]
[51,386]
[33,404]
[15,415]
[0,397]
[19,378]
[38,359]
[57,340]
[76,321]
[95,302]
[114,283]
[133,264]
[152,245]
[171,226]
[190,207]
[195,188]
[176,169]
[157,150]
[138,131]
[119,112]
[100,93]
[81,80]
[62,99]
[43,118]
[24,137]
[5,156]
[0,175]
[19,194]
[38,213]
[57,232]
[76,251]
[95,270]
[114,289]
[133,308]
[152,327]
[171,346]
[190,365]
[195,384]
[176,403]
[157,415]
[138,396]
[119,377]
[100,358]
[81,339]
[62,320]
[43,301]
[24,282]
[5,263]
[0,244]
[19,225]
[38,206]
[57,187]
[76,168]
[95,149]
[114,130]
[133,111]
[152,92]
[171,80]
[190,99]
[195,118]
[176,137]
[157,156]
[138,175]
[119,194]
[100,213]
[81,232]
[62,251]
[43,270]
[24,289]
[5,308]
[0,327]
[19,346]
[38,365]
[57,384]
[76,403]
[95,415]
[114,396]
[133,377]
[152,358]
[171,339]
[190,320]
[195,301]
[176,282]
[157,263]
[138,244]
[119,225]
[100,206]
[81,187]
[62,168]
[43,149]
[24,130]
[5,111]
[0,92]
[19,80]
[38,99]
[57,118]
[76,137]
[95,156]
[114,175]
[133,194]
[152,213]
[171,232]
[190,251]
[195,270]
[176,289]
[156,309]
[136,329]
[116,349]
[96,369]
[76,389]
[56,409]
[36,415]
[16,395]
[0,375]
[20,355]
[40,335]
[60,315]
[80,295]
[100,275]
[120,255]
[140,235]
[160,215]
[180,195]
[195,175]
[175,155]
[155,135]
[135,115]
[115,95]
[95,80]
[75,100]
[55,120]
[35,140]
[15,160]
[0,180]
[20,200]
[40,220]
[60,240]
[80,260]
[100,280]
[120,300]
[140,320]
[160,340]
[180,360]
[195,380]
[175,400]
[155,415]
[135,395]
[115,375]
[95,355]
[75,335]
[55,315]
[35,295]
[15,275]
[0,255]
[20,235]
[40,215]
[60,195]
[80,175]
[100,155]
[120,135]
[140,115]
[160,95]
[180,80]
[195,100]
[175,120]
[155,140]
[135,160]
[115,180]
[95,200]
[75,220]
[55,240]
[35,260]
[15,280]
[0,300]
[20,320]
[40,340]
[60,360]
[80,380]
[100,400]
[120,415]
[140,395]
[160,375]
[180,355]
[195,335]
[175,315]
[155,295]
[135,275]
[115,255]
[95,235]
[75,215]
[55,195]
[35,175]
[15,155]
[0,135]
[20,115]
[40,95]
[60,80]
[80,100]
[100,120]
[120,140]
[140,160]
[160,180]
[180,200]
[195,220]
[175,240]
[154,261]
[133,282]
[112,303]
[91,324]
[70,345]
[49,366]
[28,387]
[7,408]
[0,415]
[21,394]
[42,373]
[63,352]
[84,331]
[105,310]
[126,289]
[147,268]
[168,247]
[189,226]
[195,205]
[174,184]
[153,163]
[132,142]
[111,121]
[90,100]
[69,80]
[48,101]
[27,122]
[6,143]
[0,164]
[21,185]
[42,206]
[63,227]
[84,248]
[105,269]
[126,290]
[147,311]
[168,332]
[189,353]
[195,374]
[174,395]
[153,415]
[132,394]
[111,373]
[90,352]
[69,331]
[48,310]
[27,289]
[6,268]
[0,247]
[21,226]
[42,205]
[63,184]
[84,163]
[105,142]
[126,121]
[147,100]
[168,80]
[189,101]
[195,122]
[174,143]
[153,164]
[132,185]
[111,206]
[90,227]
[69,248]
[48,269]
[27,290]
[6,311]
[0,332]
[21,353]
[42,374]
[63,395]
[84,415]
[105,394]
[126,373]
[147,352]
[168,331]
[189,310]
[195,289]
[174,268]
[153,247]
[132,226]
[111,205]
[90,184]
[69,163]
[48,142]
[27,121]
[6,100]
[0,80]
[21,101]
[42,122]
[63,143]
[84,164]
[105,185]
[126,206]
[147,227]
[168,248]
[189,269]
[195,290]
[174,311]
[152,333]
[130,355]
[108,377]
[86,399]
[64,415]
[42,393]
[20,371]
[0,349]
[22,327]
[44,305]
[66,283]
[88,261]
[110,239]
[132,217]
[154,195]
[176,173]
[195,151]
[173,129]
[151,107]
[129,85]
[107,80]
[85,102]
[63,124]
[41,146]
[19,168]
[0,190]
[22,212]
[44,234]
[66,256]
[88,278]
[110,300]
[132,322]
[154,344]
[176,366]
[195,388]
[173,410]
[151,415]
[129,393]
[107,371]
[85,349]
[63,327]
[41,305]
[19,283]
[0,261]
[22,239]
[44,217]
[66,195]
[88,173]
[110,151]
[132,129]
[154,107]
[176,85]
[195,80]
[173,102]
[151,124]
[129,146]
[107,168]
[85,190]
[63,212]
[41,234]
[19,256]
[0,278]
[22,300]
[44,322]
[66,344]
[88,366]
[110,388]
[132,410]
[154,415]
[176,393]
[195,371]
[173,349]
[151,327]
[129,305]
[107,283]
[85,261]
[63,239]
[41,217]
[19,195]
[0,173]
[22,151]
[44,129]
[66,107]
[88,85]
[110,80]
[132,102]
[154,124]
[176,146]
[195,168]
[173,190]
[151,212]
[129,234]
[107,256]
[85,278]
[63,300]
[41,322]
[19,344]
[0,366]
[22,388]
[44,410]
[67,415]
[90,392]
[113,369]
[136,346]
[159,323]
[182,300]
[195,277]
[172,254]
[149,231]
[126,208]
[103,185]
[80,162]
[57,139]
[34,116]
[11,93]
[0,80]
[23,103]
[46,126]
[69,149]
[92,172]
[115,195]
[138,218]
[161,241]
[184,264]
[195,287]
[172,310]
[149,333]
[126,356]
[103,379]
[80,402]
[57,415]
[34,392]
[11,369]
[0,346]
[23,323]
[46,300]
[69,277]
[92,254]
[115,231]
[138,208]
[161,185]
[184,162]
[195,139]
[172,116]
[149,93]
[126,80]
[103,103]
[80,126]
[57,149]
[34,172]
[11,195]
[0,218]
[23,241]
[46,264]
[69,287]
[92,310]
[115,333]
[138,356]
[161,379]
[184,402]
[195,415]
[172,392]
[149,369]
[126,346]
[103,323]
[80,300]
[57,277]
[34,254]
[11,231]
[0,208]
[23,185]
[46,162]
[69,139]
[92,116]
[115,93]
[138,80]
[161,103]
[184,126]
[195,149]
[172,172]
[149,195]
[126,218]
[103,241]
[80,264]
[57,287]
[34,310]
[11,333]
[0,356]
[23,379]
[46,402]
[69,415]
[92,392]
[115,369]
[138,346]
[161,323]
[184,300]
[195,277]
[172,254]
[149,231]
[126,208]
[102,184]
[78,160]
[54,136]
[30,112]
[6,88]
[0,80]
[24,104]
[48,128]
[72,152]
[96,176]
[120,200]
[144,224]
[168,248]
[192,272]
[195,296]
[171,320]
[147,344]
[123,368]
[99,392]
[75,415]
[51,391]
[27,367]
[3,343]
[0,319]
[24,295]
[48,271]
[72,247]
[96,223]
[120,199]
[144,175]
[168,151]
[192,127]
[195,103]
[171,80]
[147,104]
[123,128]
[99,152]
[75,176]
[51,200]
[27,224]
[3,248]
[0,272]
[24,296]
[48,320]
[72,344]
[96,368]
[120,392]
[144,415]
[168,391]
[192,367]
[195,343]
[171,319]
[147,295]
[123,271]
[99,247]
[75,223]
[51,199]
[27,175]
[3,151]
[0,127]
[24,103]
[48,80]
[72,104]
[96,128]
[120,152]
[144,176]
[168,200]
[192,224]
[195,248]
[171,272]
[147,296]
[123,320]
[99,344]
[75,368]
[51,392]
[27,415]
[3,391]
[0,367]
[24,343]
[48,319]
[72,295]
[96,271]
[120,247]
[144,223]
[168,199]
[192,175]
[195,151]
[171,127]
[147,103]
[123,80]
[99,104]
[75,128]
[51,152]
[27,176]
[3,200]
[0,224]
[24,248]
[48,272]
[72,296]
[96,320]
[121,345]
[146,370]
[171,395]
[195,415]
[170,390]
[145,365]
[120,340]
[95,315]
[70,290]
[45,265]
[20,240]
[0,215]
[25,190]
[50,165]
[75,140]
[100,115]
[125,90]
[150,80]
[175,105]
[195,130]
[170,155]
[145,180]
[120,205]
[95,230]
[70,255]
[45,280]
[20,305]
[0,330]
[25,355]
[50,380]
[75,405]
[100,415]
[125,390]
[150,365]
[175,340]
[195,315]
[170,290]
[145,265]
[120,240]
[95,215]
[70,190]
[45,165]
[20,140]
[0,115]
[25,90]
[50,80]
[75,105]
[100,130]
[125,155]
[150,180]
[175,205]
[195,230]
[170,255]
[145,280]
[120,305]
[95,330]
[70,355]
[45,380]
[20,405]
[0,415]
[25,390]
[50,365]
[75,340]
[100,315]
[125,290]
[150,265]
[175,240]
[195,215]
[170,190]
[145,165]
[120,140]
[95,115]
[70,90]
[45,80]
[20,105]
[0,130]
[25,155]
[50,180]
[75,205]
[100,230]
[125,255]
[150,280]
[175,305]
[195,330]
[170,355]
[145,380]
[120,405]
[95,415]
[70,390]
[45,365]
[20,340]
[0,315]
[25,290]
[50,265]
[75,240]
[100,215]
[125,190]
[150,165]
[175,140]
[195,115]
[169,89]
[143,80]
[117,106]
[91,132]
[65,158]
[39,184]
[13,210]
[0,236]
[26,262]
[52,288]
[78,314]
[104,340]
[130,366]
[156,392]
[182,415]
[195,389]
[169,363]
[143,337]
[117,311]
[91,285]
[65,259]
[39,233]
[13,207]
[0,181]
[26,155]
[52,129]
[78,103]
[104,80]
[130,106]
[156,132]
[182,158]
[195,184]
[169,210]
[143,236]
[117,262]
[91,288]
[65,314]
[39,340]
[13,366]
[0,392]
[26,415]
[52,389]
[78,363]
[104,337]
[130,311]
[156,285]
[182,259]
[195,233]
[169,207]
[143,181]
[117,155]
[91,129]
[65,103]
[39,80]
[13,106]
[0,132]
[26,158]
[52,184]
[78,210]
[104,236]
[130,262]
[156,288]
[182,314]
[195,340]
[169,366]
[143,392]
[117,415]
[91,389]
[65,363]
[39,337]
[13,311]
[0,285]
[26,259]
[52,233]
[78,207]
[104,181]
[130,155]
[156,129]
[182,103]
[195,80]
[169,106]
[143,132]
[117,158]
[91,184]
[65,210]
[39,236]
[13,262]
[0,288]
[26,314]
[52,340]
[78,366]
[104,392]
[130,415]
[156,389]
[182,363]
[195,337]
[169,311]
[143,285]
[117,259]
[91,233]
[64,206]
[37,179]
[10,152]
[0,125]
[27,98]
[54,80]
[81,107]
[108,134]
[135,161]
[162,188]
[189,215]
[195,242]
[168,269]
[141,296]
[114,323]
[87,350]
[60,377]
[33,404]
[6,415]
[0,388]
[27,361]
[54,334]
[81,307]
[108,280]
[135,253]
[162,226]
[189,199]
[195,172]
[168,145]
[141,118]
[114,91]
[87,80]
[60,107]
[33,134]
[6,161]
[0,188]
[27,215]
[54,242]
[81,269]
[108,296]
[135,323]
[162,350]
[189,377]
[195,404]
[168,415]
[141,388]
[114,361]
[87,334]
[60,307]
[33,280]
[6,253]
[0,226]
[27,199]
[54,172]
[81,145]
[108,118]
[135,91]
[162,80]
[189,107]
[195,134]
[168,161]
[141,188]
[114,215]
[87,242]
[60,269]
[33,296]
[6,323]
[0,350]
[27,377]
[54,404]
[81,415]
[108,388]
[135,361]
[162,334]
[189,307]
[195,280]
[168,253]
[141,226]
[114,199]
[87,172]
[60,145]
[33,118]
[6,91]
[0,80]
[27,107]
[54,134]
[81,161]
[108,188]
[135,215]
[162,242]
[189,269]
[195,296]
[168,323]
[141,350]
[114,377]
[87,404]
[60,415]
[33,388]
[6,361]
[0,334]
[28,306]
[56,278]
[84,250]
[112,222]
[140,194]
[168,166]
[195,138]
[167,110]
[139,82]
[111,80]
[83,108]
[55,136]
[27,164]
[0,192]
[28,220]
[56,248]
[84,276]
[112,304]
[140,332]
[168,360]
[195,388]
[167,415]
[139,387]
[111,359]
[83,331]
[55,303]
[27,275]
[0,247]
[28,219]
[56,191]
[84,163]
[112,135]
[140,107]
[168,80]
[195,108]
[167,136]
[139,164]
[111,192]
[83,220]
[55,248]
[27,276]
[0,304]
[28,332]
[56,360]
[84,388]
[112,415]
[140,387]
[168,359]
[195,331]
[167,303]
[139,275]
[111,247]
[83,219]
[55,191]
[27,163]
[0,135]
[28,107]
[56,80]
[84,108]
[112,136]
[140,164]
[168,192]
[195,220]
[167,248]
[139,276]
[111,304]
[83,332]
[55,360]
[27,388]
[0,415]
[28,387]
[56,359]
[84,331]
[112,303]
[140,275]
[168,247]
[195,219]
[167,191]
[139,163]
[111,135]
[83,107]
[55,80]
[27,108]
[0,136]
[28,164]
[56,192]
[84,220]
[112,248]
[140,276]
[168,304]
[195,332]
[167,360]
[139,388]
[111,415]
[83,387]
[55,359]
[27,331]
[0,303]
[28,275]
[56,247]
[85,218]
[114,189]
[143,160]
[172,131]
[195,102]
[166,80]
[137,109]
[108,138]
[79,167]
[50,196]
[21,225]
[0,254]
[29,283]
[58,312]
[87,341]
[116,370]
[145,399]
[174,415]
[195,386]
[166,357]
[137,328]
[108,299]
[79,270]
[50,241]
[21,212]
[0,183]
[29,154]
[58,125]
[87,96]
[116,80]
[145,109]
[174,138]
[195,167]
[166,196]
[137,225]
[108,254]
[79,283]
[50,312]
[21,341]
[0,370]
[29,399]
[58,415]
[87,386]
[116,357]
[145,328]
[174,299]
[195,270]
[166,241]
[137,212]
[108,183]
[79,154]
[50,125]
[21,96]
[0,80]
[29,109]
[58,138]
[87,167]
[116,196]
[145,225]
[174,254]
[195,283]
[166,312]
[137,341]
[108,370]
[79,399]
[50,415]
[21,386]
[0,357]
[29,328]
[58,299]
[87,270]
[116,241]
[145,212]
[174,183]
[195,154]
[166,125]
[137,96]
[108,80]
[79,109]
[50,138]
[21,167]
[0,196]
[29,225]
[58,254]
[87,283]
[116,312]
[145,341]
[174,370]
[195,399]
[166,415]
[137,386]
[108,357]
[79,328]
[50,299]
[21,270]
[0,241]
[29,212]
[58,183]
[87,154]
[116,125]
[146,95]
[176,80]
[195,110]
[165,140]
[135,170]
[105,200]
[75,230]
[45,260]
[15,290]
[0,320]
[30,350]
[60,380]
[90,410]
[120,415]
[150,385]
[180,355]
[195,325]
[165,295]
[135,265]
[105,235]
[75,205]
[45,175]
[15,145]
[0,115]
[30,85]
[60,80]
[90,110]
[120,140]
[150,170]
[180,200]
[195,230]
[165,260]
[135,290]
[105,320]
[75,350]
[45,380]
[15,410]
[0,415]
[30,385]
[60,355]
[90,325]
[120,295]
[150,265]
[180,235]
[195,205]
[165,175]
[135,145]
[105,115]
[75,85]
[45,80]
[15,110]
[0,140]
[30,170]
[60,200]
[90,230]
[120,260]
[150,290]
[180,320]
[195,350]
[165,380]
[135,410]
[105,415]
[75,385]
[45,355]
[15,325]
[0,295]
[30,265]
[60,235]
[90,205]
[120,175]
[150,145]
[180,115]
[195,85]
[165,80]
[135,110]
[105,140]
[75,170]
[45,200]
[15,230]
[0,260]
[30,290]
[60,320]
[90,350]
[120,380]
[150,410]
[180,415]
[195,385]
[165,355]
[135,325]
[105,295]
[75,265]
[45,235]
[15,205]
[0,175]
[30,145]
[60,115]
[90,85]
[120,80]
[150,110]
[180,140]
[195,171]
[164,202]
[133,233]
[102,264]
[71,295]
[40,326]
[9,357]
[0,388]
[31,415]
[62,384]
[93,353]
[124,322]
[155,291]
[186,260]
[195,229]
[164,198]
[133,167]
[102,136]
[71,105]
[40,80]
[9,111]
[0,142]
[31,173]
[62,204]
[93,235]
[124,266]
[155,297]
[186,328]
[195,359]
[164,390]
[133,415]
[102,384]
[71,353]
[40,322]
[9,291]
[0,260]
[31,229]
[62,198]
[93,167]
[124,136]
[155,105]
[186,80]
[195,111]
[164,142]
[133,173]
[102,204]
[71,235]
[40,266]
[9,297]
[0,328]
[31,359]
[62,390]
[93,415]
[124,384]
[155,353]
[186,322]
[195,291]
[164,260]
[133,229]
[102,198]
[71,167]
[40,136]
[9,105]
[0,80]
[31,111]
[62,142]
[93,173]
[124,204]
[155,235]
[186,266]
[195,297]
[164,328]
[133,359]
[102,390]
[71,415]
[40,384]
[9,353]
[0,322]
[31,291]
[62,260]
[93,229]
[124,198]
[155,167]
[186,136]
[195,105]
[164,80]
[133,111]
[102,142]
[71,173]
[40,204]
[9,235]
[0,266]
[31,297]
[62,328]
[93,359]
[124,390]
[155,415]
[186,384]
[195,353]
[164,322]
[132,290]
[100,258]
[68,226]
[36,194]
[4,162]
[0,130]
[32,98]
[64,80]
[96,112]
[128,144]
[160,176]
[192,208]
[195,240]
[163,272]
[131,304]
[99,336]
[67,368]
[35,400]
[3,415]
[0,383]
[32,351]
[64,319]
[96,287]
[128,255]
[160,223]
[192,191]
[195,159]
[163,127]
[131,95]
[99,80]
[67,112]
[35,144]
[3,176]
[0,208]
[32,240]
[64,272]
[96,304]
[128,336]
[160,368]
[192,400]
[195,415]
[163,383]
[131,351]
[99,319]
[67,287]
[35,255]
[3,223]
[0,191]
[32,159]
[64,127]
[96,95]
[128,80]
[160,112]
[192,144]
[195,176]
[163,208]
[131,240]
[99,272]
[67,304]
[35,336]
[3,368]
[0,400]
[32,415]
[64,383]
[96,351]
[128,319]
[160,287]
[192,255]
[195,223]
[163,191]
[131,159]
[99,127]
[67,95]
[35,80]
[3,112]
[0,144]
[32,176]
[64,208]
[96,240]
[128,272]
[160,304]
[192,336]
[195,368]
[163,400]
[131,415]
[99,383]
[67,351]
[35,319]
[3,287]
[0,255]
[32,223]
[64,191]
[96,159]
[128,127]
[160,95]
[192,80]
[195,112]
[163,144]
[131,176]
[99,208]
[66,241]
[33,274]
[0,307]
[33,340]
[66,373]
[99,406]
[132,415]
[165,382]
[195,349]
[162,316]
[129,283]
[96,250]
[63,217]
[30,184]
[0,151]
[33,118]
[66,85]
[99,80]
[132,113]
[165,146]
[195,179]
[162,212]
[129,245]
[96,278]
[63,311]
[30,344]
[0,377]
[33,410]
[66,415]
[99,382]
[132,349]
[165,316]
[195,283]
[162,250]
[129,217]
[96,184]
[63,151]
[30,118]
[0,85]
[33,80]
[66,113]
[99,146]
[132,179]
[165,212]
[195,245]
[162,278]
[129,311]
[96,344]
[63,377]
[30,410]
[0,415]
[33,382]
[66,349]
[99,316]
[132,283]
[165,250]
[195,217]
[162,184]
[129,151]
[96,118]
[63,85]
[30,80]
[0,113]
[33,146]
[66,179]
[99,212]
[132,245]
[165,278]
[195,311]
[162,344]
[129,377]
[96,410]
[63,415]
[30,382]
[0,349]
[33,316]
[66,283]
[99,250]
[132,217]
[165,184]
[195,151]
[162,118]
[129,85]
[96,80]
[63,113]
[30,146]
[0,179]
[33,212]
[66,245]
[99,278]
[132,311]
[165,344]
[195,377]
[162,410]
[129,415]
[96,382]
[63,349]
[30,316]
[0,283]
[33,250]
[67,216]
[101,182]
[135,148]
[169,114]
[195,80]
[161,114]
[127,148]
[93,182]
[59,216]
[25,250]
[0,284]
[34,318]
[68,352]
[102,386]
[136,415]
[170,381]
[195,347]
[161,313]
[127,279]
[93,245]
[59,211]
[25,177]
[0,143]
[34,109]
[68,80]
[102,114]
[136,148]
[170,182]
[195,216]
[161,250]
[127,284]
[93,318]
[59,352]
[25,386]
[0,415]
[34,381]
[68,347]
[102,313]
[136,279]
[170,245]
[195,211]
[161,177]
[127,143]
[93,109]
[59,80]
[25,114]
[0,148]
[34,182]
[68,216]
[102,250]
[136,284]
[170,318]
[195,352]
[161,386]
[127,415]
[93,381]
[59,347]
[25,313]
[0,279]
[34,245]
[68,211]
[102,177]
[136,143]
[170,109]
[195,80]
[161,114]
[127,148]
[93,182]
[59,216]
[25,250]
[0,284]
[34,318]
[68,352]
[102,386]
[136,415]
[170,381]
[195,347]
[161,313]
[127,279]
[93,245]
[59,211]
[25,177]
[0,143]
[34,109]
[68,80]
[102,114]
[136,148]
[170,182]
[195,216]
[161,250]
[127,284]
[93,318]
[59,352]
[25,386]
[0,415]
[34,381]
[68,347]
[102,313]
[136,279]
[170,245]
[195,210]
[160,175]
[125,140]
[90,105]
[55,80]
[20,115]
[0,150]
[35,185]
[70,220]
[105,255]
[140,290]
[175,325]
[195,360]
[160,395]
[125,415]
[90,380]
[55,345]
[20,310]
[0,275]
[35,240]
[70,205]
[105,170]
[140,135]
[175,100]
[195,80]
[160,115]
[125,150]
[90,185]
[55,220]
[20,255]
[0,290]
[35,325]
[70,360]
[105,395]
[140,415]
[175,380]
[195,345]
[160,310]
[125,275]
[90,240]
[55,205]
[20,170]
[0,135]
[35,100]
[70,80]
[105,115]
[140,150]
[175,185]
[195,220]
[160,255]
[125,290]
[90,325]
[55,360]
[20,395]
[0,415]
[35,380]
[70,345]
[105,310]
[140,275]
[175,240]
[195,205]
[160,170]
[125,135]
[90,100]
[55,80]
[20,115]
[0,150]
[35,185]
[70,220]
[105,255]
[140,290]
[175,325]
[195,360]
[160,395]
[125,415]
[90,380]
[55,345]
[20,310]
[0,275]
[35,240]
[70,205]
[105,170]
[140,135]
[175,100]
[195,80]
[160,115]
[125,150]
[90,185]
[55,220]
[20,255]
[0,290]
[35,325]
[70,360]
[105,395]
[140,415]
[175,380]
[195,345]
[160,310]
[125,275]
[90,240]
[54,204]
[18,168]
[0,132]
[36,96]
[72,80]
[108,116]
[144,152]
[180,188]
[195,224]
[159,260]
[123,296]
[87,332]
[51,368]
[15,404]
[0,415]
[36,379]
[72,343]
[108,307]
[144,271]
[180,235]
[195,199]
[159,163]
[123,127]
[87,91]
[51,80]
[15,116]
[0,152]
[36,188]
[72,224]
[108,260]
[144,296]
[180,332]
[195,368]
[159,404]
[123,415]
[87,379]
[51,343]
[15,307]
[0,271]
[36,235]
[72,199]
[108,163]
[144,127]
[180,91]
[195,80]
[159,116]
[123,152]
[87,188]
[51,224]
[15,260]
[0,296]
[36,332]
[72,368]
[108,404]
[144,415]
[180,379]
[195,343]
[159,307]
[123,271]
[87,235]
[51,199]
[15,163]
[0,127]
[36,91]
[72,80]
[108,116]
[144,152]
[180,188]
[195,224]
[159,260]
[123,296]
[87,332]
[51,368]
[15,404]
[0,415]
[36,379]
[72,343]
[108,307]
[144,271]
[180,235]
[195,199]
[159,163]
[123,127]
[87,91]
[51,80]
[15,116]
[0,152]
[36,188]
[72,224]
[108,260]
[144,296]
[180,332]
[195,368]
[159,404]
[123,415]
[87,379]
[51,343]
[15,307]
[0,271]
[36,235]
[73,198]
[110,161]
[147,124]
[184,87]
[195,80]
[158,117]
[121,154]
[84,191]
[47,228]
[10,265]
[0,302]
[37,339]
[74,376]
[111,413]
[148,415]
[185,378]
[195,341]
[158,304]
[121,267]
[84,230]
[47,193]
[10,156]
[0,119]
[37,82]
[74,80]
[111,117]
[148,154]
[185,191]
[195,228]
[158,265]
[121,302]
[84,339]
[47,376]
[10,413]
[0,415]
[37,378]
[74,341]
[111,304]
[148,267]
[185,230]
[195,193]
[158,156]
[121,119]
[84,82]
[47,80]
[10,117]
[0,154]
[37,191]
[74,228]
[111,265]
[148,302]
[185,339]
[195,376]
[158,413]
[121,415]
[84,378]
[47,341]
[10,304]
[0,267]
[37,230]
[74,193]
[111,156]
[148,119]
[185,82]
[195,80]
[158,117]
[121,154]
[84,191]
[47,228]
[10,265]
[0,302]
[37,339]
[74,376]
[111,413]
[148,415]
[185,378]
[195,341]
[158,304]
[121,267]
[84,230]
[47,193]
[10,156]
[0,119]
[37,82]
[74,80]
[111,117]
[148,154]
[185,191]
[195,228]
[158,265]
[121,302]
[84,339]
[47,376]
[10,413]
[0,415]
[37,378]
[74,341]
[111,304]
[148,267]
[185,230]
[195,192]
[157,154]
[119,116]
[81,80]
[43,118]
[5,156]
[0,194]
[38,232]
[76,270]
[114,308]
[152,346]
[190,384]
[195,415]
[157,377]
[119,339]
[81,301]
[43,263]
[5,225]
[0,187]
[38,149]
[76,111]
[114,80]
[152,118]
[190,156]
[195,194]
[157,232]
[119,270]
[81,308]
[43,346]
[5,384]
[0,415]
[38,377]
[76,339]
[114,301]
[152,263]
[190,225]
[195,187]
[157,149]
[119,111]
[81,80]
[43,118]
[5,156]
[0,194]
[38,232]
[76,270]
[114,308]
[152,346]
[190,384]
[195,415]
[157,377]
[119,339]
[81,301]
[43,263]
[5,225]
[0,187]
[38,149]
[76,111]
[114,80]
[152,118]
[190,156]
[195,194]
[157,232]
[119,270]
[81,308]
[43,346]
[5,384]
[0,415]
[38,377]
[76,339]
[114,301]
[152,263]
[190,225]
[195,187]
[157,149]
[119,111]
[81,80]
[43,118]
[5,156]
[0,194]
[38,232]
[76,270]
[114,308]
[152,346]
[190,384]
[195,415]
[157,377]
[119,339]
[81,301]
[43,263]
[5,225]
[0,187]
[38,149]
[76,111]
[114,80]
[152,118]
[190,156]
[195,194]
[157,232]
[119,270]
[81,308]
[42,347]
[3,386]
[0,415]
[39,376]
[78,337]
[117,298]
[156,259]
[195,220]
[156,181]
[117,142]
[78,103]
[39,80]
[0,119]
[39,158]
[78,197]
[117,236]
[156,275]
[195,314]
[156,353]
[117,392]
[78,415]
[39,376]
[0,337]
[39,298]
[78,259]
[117,220]
[156,181]
[195,142]
[156,103]
[117,80]
[78,119]
[39,158]
[0,197]
[39,236]
[78,275]
[117,314]
[156,353]
[195,392]
[156,415]
[117,376]
[78,337]
[39,298]
[0,259]
[39,220]
[78,181]
[117,142]
[156,103]
[195,80]
[156,119]
[117,158]
[78,197]
[39,236]
[0,275]
[39,314]
[78,353]
[117,392]
[156,415]
[195,376]
[156,337]
[117,298]
[78,259]
[39,220]
[0,181]
[39,142]
[78,103]
[117,80]
[156,119]
[195,158]
[156,197]
[117,236]
[78,275]
[39,314]
[0,353]
[39,392]
[78,415]
[117,376]
[156,337]
[195,298]
[156,259]
[117,220]
[78,181]
[39,142]
[0,103]
[39,80]
[78,119]
[117,158]
[156,197]
[195,236]
[156,275]
[117,314]
[78,353]
[39,392]
[0,415]
[39,376]
[78,337]
[117,298]
[156,259]
[195,220]
[156,181]
[117,142]
[77,102]
[37,80]
[0,120]
[40,160]
[80,200]
[120,240]
[160,280]
[195,320]
[155,360]
[115,400]
[75,415]
[35,375]
[0,335]
[40,295]
[80,255]
[120,215]
[160,175]
[195,135]
[155,95]
[115,80]
[75,120]
[35,160]
[0,200]
[40,240]
[80,280]
[120,320]
[160,360]
[195,400]
[155,415]
[115,375]
[75,335]
[35,295]
[0,255]
[40,215]
[80,175]
[120,135]
[160,95]
[195,80]
[155,120]
[115,160]
[75,200]
[35,240]
[0,280]
[40,320]
[80,360]
[120,400]
[160,415]
[195,375]
[155,335]
[115,295]
[75,255]
[35,215]
[0,175]
[40,135]
[80,95]
[120,80]
[160,120]
[195,160]
[155,200]
[115,240]
[75,280]
[35,320]
[0,360]
[40,400]
[80,415]
[120,375]
[160,335]
[195,295]
[155,255]
[115,215]
[75,175]
[35,135]
[0,95]
[40,80]
[80,120]
[120,160]
[160,200]
[195,240]
[155,280]
[115,320]
[75,360]
[35,400]
[0,415]
[40,375]
[80,335]
[120,295]
[160,255]
[195,215]
[155,175]
[115,135]
[75,95]
[35,80]
[0,120]
[40,160]
[80,200]
[120,240]
[160,280]
[195,320]
[155,360]
[115,400]
[74,415]
[328,80]
[328,80]
[195,87]
[195,94]
[188,101]
[181,108]
[174,115]
[167,122]
[160,129]
[153,136]
[146,143]
[139,150]
[132,157]
[125,164]
[118,171]
[111,178]
[104,185]
[97,192]
[90,199]
[83,206]
[76,213]
[69,220]
[62,227]
[55,234]
[48,241]
[41,248]
[34,255]
[27,262]
[20,269]
[13,276]
[6,283]
[0,290]
[7,297]
[14,304]
[21,311]
[28,318]
[35,325]
[42,332]
[49,339]
[56,346]
[63,353]
[70,360]
[77,367]
[84,374]
[91,381]
[98,388]
[105,395]
[112,402]
[119,409]
[126,415]
[133,408]
[140,401]
[147,394]
[154,387]
[161,380]
[168,373]
[175,366]
[182,359]
[189,352]
[195,345]
[188,338]
[181,331]
[174,324]
[167,317]
[160,310]
[153,303]
[146,296]
[139,289]
[132,282]
[125,275]
[118,268]
[111,261]
[104,254]
[97,247]
[90,240]
[83,233]
[76,226]
[69,219]
[62,212]
[55,205]
[48,198]
[41,191]
[34,184]
[27,177]
[20,170]
[13,163]
[6,156]
[0,149]
[7,142]
[14,135]
[21,128]
[28,121]
[35,114]
[42,107]
[49,100]
[56,93]
[63,86]
[70,80]
[77,87]
[84,94]
[91,101]
[99,109]
[107,117]
[115,125]
[123,133]
[131,141]
[139,149]
[147,157]
[155,165]
[163,173]
[171,181]
[179,189]
[187,197]
[195,205]
[187,213]
[179,221]
[171,229]
[163,237]
[155,245]
[147,253]
[139,261]
[131,269]
[123,277]
[115,285]
[107,293]
[99,301]
[91,309]
[83,317]
[75,325]
[67,333]
[59,341]
[51,349]
[43,357]
[35,365]
[27,373]
[19,381]
[11,389]
[3,397]
[0,405]
[8,413]
[16,415]
[24,407]
[32,399]
[40,391]
[48,383]
[56,375]
[64,367]
[72,359]
[80,351]
[88,343]
[96,335]
[104,327]
[112,319]
[120,311]
[128,303]
[136,295]
[144,287]
[152,279]
[160,271]
[168,263]
[176,255]
[184,247]
[192,239]
[195,231]
[187,223]
[179,215]
[171,207]
[163,199]
[155,191]
[147,183]
[139,175]
[131,167]
[123,159]
[115,151]
[107,143]
[99,135]
[91,127]
[83,119]
[75,111]
[67,103]
[59,95]
[51,87]
[43,80]
[35,88]
[27,96]
[19,104]
[11,112]
[3,120]
[0,128]
[8,136]
[16,144]
[24,152]
[32,160]
[40,168]
[48,176]
[56,184]
[64,192]
[72,200]
[80,208]
[88,216]
[96,224]
[105,233]
[114,242]
[123,251]
[132,260]
[141,269]
[150,278]
[159,287]
[168,296]
[177,305]
[186,314]
[195,323]
[186,332]
[177,341]
[168,350]
[159,359]
[150,368]
[141,377]
[132,386]
[123,395]
[114,404]
[105,413]
[96,415]
[87,406]
[78,397]
[69,388]
[60,379]
[51,370]
[42,361]
[33,352]
[24,343]
[15,334]
[6,325]
[0,316]
[9,307]
[18,298]
[27,289]
[36,280]
[45,271]
[54,262]
[63,253]
[72,244]
[81,235]
[90,226]
[99,217]
[108,208]
[117,199]
[126,190]
[135,181]
[144,172]
[153,163]
[162,154]
[171,145]
[180,136]
[189,127]
[195,118]
[186,109]
[177,100]
[168,91]
[159,82]
[150,80]
[141,89]
[132,98]
[123,107]
[114,116]
[105,125]
[96,134]
[87,143]
[78,152]
[69,161]
[60,170]
[51,179]
[42,188]
[33,197]
[24,206]
[15,215]
[6,224]
[0,233]
[9,242]
[18,251]
[27,260]
[36,269]
[45,278]
[54,287]
[63,296]
[72,305]
[81,314]
[90,323]
[99,332]
[108,341]
[117,350]
[126,359]
[135,368]
[144,377]
[153,386]
[162,395]
[171,404]
[180,413]
[189,415]
[195,406]
[186,397]
[176,387]
[166,377]
[156,367]
[146,357]
[136,347]
[126,337]
[116,327]
[106,317]
[96,307]
[86,297]
[76,287]
[66,277]
[56,267]
[46,257]
[36,247]
[26,237]
[16,227]
[6,217]
[0,207]
[10,197]
[20,187]
[30,177]
[40,167]
[50,157]
[60,147]
[70,137]
[80,127]
[90,117]
[100,107]
[110,97]
[120,87]
[130,80]
[140,90]
[150,100]
[160,110]
[170,120]
[180,130]
[190,140]
[195,150]
[185,160]
[175,170]
[165,180]
[155,190]
[145,200]
[135,210]
[125,220]
[115,230]
[105,240]
[95,250]
[85,260]
[75,270]
[65,280]
[55,290]
[45,300]
[35,310]
[25,320]
[15,330]
[5,340]
[0,350]
[10,360]
[20,370]
[30,380]
[40,390]
[50,400]
[60,410]
[70,415]
[80,405]
[90,395]
[100,385]
[110,375]
[120,365]
[130,355]
[140,345]
[150,335]
[160,325]
[170,315]
[180,305]
[190,295]
[195,285]
[185,275]
[175,265]
[165,255]
[155,245]
[145,235]
[135,225]
[125,215]
[115,205]
[105,195]
[95,185]
[85,175]
[75,165]
[65,155]
[55,145]
[45,135]
[35,125]
[25,115]
[15,105]
[5,95]
[0,85]
[10,80]
[21,91]
[32,102]
[43,113]
[54,124]
[65,135]
[76,146]
[87,157]
[98,168]
[109,179]
[120,190]
[131,201]
[142,212]
[153,223]
[164,234]
[175,245]
[186,256]
[195,267]
[184,278]
[173,289]
[162,300]
[151,311]
[140,322]
[129,333]
[118,344]
[107,355]
[96,366]
[85,377]
[74,388]
[63,399]
[52,410]
[41,415]
[30,404]
[19,393]
[8,382]
[0,371]
[11,360]
[22,349]
[33,338]
[44,327]
[55,316]
[66,305]
[77,294]
[88,283]
[99,272]
[110,261]
[121,250]
[132,239]
[143,228]
[154,217]
[165,206]
[176,195]
[187,184]
[195,173]
[184,162]
[173,151]
[162,140]
[151,129]
[140,118]
[129,107]
[118,96]
[107,85]
[96,80]
[85,91]
[74,102]
[63,113]
[52,124]
[41,135]
[30,146]
[19,157]
[8,168]
[0,179]
[11,190]
[22,201]
[33,212]
[44,223]
[55,234]
[66,245]
[77,256]
[88,267]
[99,278]
[110,289]
[121,300]
[132,311]
[143,322]
[154,333]
[165,344]
[176,355]
[187,366]
[195,377]
[184,388]
[173,399]
[162,410]
[151,415]
[140,404]
[129,393]
[118,382]
[107,371]
[96,360]
[85,349]
[74,338]
[62,326]
[50,314]
[38,302]
[26,290]
[14,278]
[2,266]
[0,254]
[12,242]
[24,230]
[36,218]
[48,206]
[60,194]
[72,182]
[84,170]
[96,158]
[108,146]
[120,134]
[132,122]
[144,110]
[156,98]
[168,86]
[180,80]
[192,92]
[195,104]
[183,116]
[171,128]
[159,140]
[147,152]
[135,164]
[123,176]
[111,188]
[99,200]
[87,212]
[75,224]
[63,236]
[51,248]
[39,260]
[27,272]
[15,284]
[3,296]
[0,308]
[12,320]
[24,332]
[36,344]
[48,356]
[60,368]
[72,380]
[84,392]
[96,404]
[108,415]
[120,403]
[132,391]
[144,379]
[156,367]
[168,355]
[180,343]
[192,331]
[195,319]
[183,307]
[171,295]
[159,283]
[147,271]
[135,259]
[123,247]
[111,235]
[99,223]
[87,211]
[75,199]
[63,187]
[51,175]
[39,163]
[27,151]
[15,139]
[3,127]
[0,115]
[12,103]
[24,91]
[36,80]
[48,92]
[60,104]
[72,116]
[84,128]
[96,140]
[108,152]
[120,164]
[132,176]
[144,188]
[156,200]
[168,212]
[180,224]
[192,236]
[195,248]
[183,260]
[171,272]
[159,284]
[147,296]
[135,308]
[123,320]
[111,332]
[99,344]
[86,357]
[73,370]
[60,383]
[47,396]
[34,409]
[21,415]
[8,402]
[0,389]
[13,376]
[26,363]
[39,350]
[52,337]
[65,324]
[78,311]
[91,298]
[104,285]
[117,272]
[130,259]
[143,246]
[156,233]
[169,220]
[182,207]
[195,194]
[182,181]
[169,168]
[156,155]
[143,142]
[130,129]
[117,116]
[104,103]
[91,90]
[78,80]
[65,93]
[52,106]
[39,119]
[26,132]
[13,145]
[0,158]
[13,171]
[26,184]
[39,197]
[52,210]
[65,223]
[78,236]
[91,249]
[104,262]
[117,275]
[130,288]
[143,301]
[156,314]
[169,327]
[182,340]
[195,353]
[182,366]
[169,379]
[156,392]
[143,405]
[130,415]
[117,402]
[104,389]
[91,376]
[78,363]
[65,350]
[52,337]
[39,324]
[26,311]
[13,298]
[0,285]
[13,272]
[26,259]
[39,246]
[52,233]
[65,220]
[78,207]
[91,194]
[104,181]
[117,168]
[130,155]
[143,142]
[156,129]
[169,116]
[182,103]
[195,90]
[182,80]
[169,93]
[156,106]
[143,119]
[130,132]
[117,145]
[104,158]
[91,171]
[78,184]
[65,197]
[52,210]
[39,223]
[26,236]
[13,249]
[0,262]
[13,275]
[26,288]
[40,302]
[54,316]
[68,330]
[82,344]
[96,358]
[110,372]
[124,386]
[138,400]
[152,414]
[166,415]
[180,401]
[194,387]
[195,373]
[181,359]
[167,345]
[153,331]
[139,317]
[125,303]
[111,289]
[97,275]
[83,261]
[69,247]
[55,233]
[41,219]
[27,205]
[13,191]
[0,177]
[14,163]
[28,149]
[42,135]
[56,121]
[70,107]
[84,93]
[98,80]
[112,94]
[126,108]
[140,122]
[154,136]
[168,150]
[182,164]
[195,178]
[181,192]
[167,206]
[153,220]
[139,234]
[125,248]
[111,262]
[97,276]
[83,290]
[69,304]
[55,318]
[41,332]
[27,346]
[13,360]
[0,374]
[14,388]
[28,402]
[42,415]
[56,401]
[70,387]
[84,373]
[98,359]
[112,345]
[126,331]
[140,317]
[154,303]
[168,289]
[182,275]
[195,261]
[181,247]
[167,233]
[153,219]
[139,205]
[125,191]
[111,177]
[97,163]
[83,149]
[69,135]
[55,121]
[41,107]
[27,93]
[13,80]
[0,94]
[14,108]
[28,122]
[42,136]
[56,150]
[70,164]
[84,178]
[98,192]
[112,206]
[126,220]
[140,234]
[154,248]
[168,262]
[182,276]
[195,290]
[181,304]
[167,318]
[153,332]
[138,347]
[123,362]
[108,377]
[93,392]
[78,407]
[63,415]
[48,400]
[33,385]
[18,370]
[3,355]
[0,340]
[15,325]
[30,310]
[45,295]
[60,280]
[75,265]
[90,250]
[105,235]
[120,220]
[135,205]
[150,190]
[165,175]
[180,160]
[195,145]
[180,130]
[165,115]
[150,100]
[135,85]
[120,80]
[105,95]
[90,110]
[75,125]
[60,140]
[45,155]
[30,170]
[15,185]
[0,200]
[15,215]
[30,230]
[45,245]
[60,260]
[75,275]
[90,290]
[105,305]
[120,320]
[135,335]
[150,350]
[165,365]
[180,380]
[195,395]
[180,410]
[165,415]
[150,400]
[135,385]
[120,370]
[105,355]
[90,340]
[75,325]
[60,310]
[45,295]
[30,280]
[15,265]
[0,250]
[15,235]
[30,220]
[45,205]
[60,190]
[75,175]
[90,160]
[105,145]
[120,130]
[135,115]
[150,100]
[165,85]
[180,80]
[195,95]
[180,110]
[165,125]
[150,140]
[135,155]
[120,170]
[105,185]
[90,200]
[75,215]
[60,230]
[45,245]
[30,260]
[15,275]
[0,290]
[15,305]
[30,320]
[45,335]
[60,350]
[75,365]
[90,380]
[105,395]
[120,410]
[135,415]
[150,400]
[165,385]
[181,369]
[195,353]
[179,337]
[163,321]
[147,305]
[131,289]
[115,273]
[99,257]
[83,241]
[67,225]
[51,209]
[35,193]
[19,177]
[3,161]
[0,145]
[16,129]
[32,113]
[48,97]
[64,81]
[80,80]
[96,96]
[112,112]
[128,128]
[144,144]
[160,160]
[176,176]
[192,192]
[195,208]
[179,224]
[163,240]
[147,256]
[131,272]
[115,288]
[99,304]
[83,320]
[67,336]
[51,352]
[35,368]
[19,384]
[3,400]
[0,415]
[16,399]
[32,383]
[48,367]
[64,351]
[80,335]
[96,319]
[112,303]
[128,287]
[144,271]
[160,255]
[176,239]
[192,223]
[195,207]
[179,191]
[163,175]
[147,159]
[131,143]
[115,127]
[99,111]
[83,95]
[67,80]
[51,96]
[35,112]
[19,128]
[3,144]
[0,160]
[16,176]
[32,192]
[48,208]
[64,224]
[80,240]
[96,256]
[112,272]
[128,288]
[144,304]
[160,320]
[176,336]
[192,352]
[195,368]
[179,384]
[163,400]
[147,415]
[131,399]
[115,383]
[99,367]
[83,351]
[67,335]
[51,319]
[35,303]
[19,287]
[3,271]
[0,255]
[16,239]
[32,223]
[48,207]
[64,191]
[80,175]
[96,159]
[112,143]
[129,126]
[146,109]
[163,92]
[180,80]
[195,97]
[178,114]
[161,131]
[144,148]
[127,165]
[110,182]
[93,199]
[76,216]
[59,233]
[42,250]
[25,267]
[8,284]
[0,301]
[17,318]
[34,335]
[51,352]
[68,369]
[85,386]
[102,403]
[119,415]
[136,398]
[153,381]
[170,364]
[187,347]
[195,330]
[178,313]
[161,296]
[144,279]
[127,262]
[110,245]
[93,228]
[76,211]
[59,194]
[42,177]
[25,160]
[8,143]
[0,126]
[17,109]
[34,92]
[51,80]
[68,97]
[85,114]
[102,131]
[119,148]
[136,165]
[153,182]
[170,199]
[187,216]
[195,233]
[178,250]
[161,267]
[144,284]
[127,301]
[110,318]
[93,335]
[76,352]
[59,369]
[42,386]
[25,403]
[8,415]
[0,398]
[17,381]
[34,364]
[51,347]
[68,330]
[85,313]
[102,296]
[119,279]
[136,262]
[153,245]
[170,228]
[187,211]
[195,194]
[178,177]
[161,160]
[144,143]
[127,126]
[110,109]
[93,92]
[76,80]
[59,97]
[42,114]
[25,131]
[8,148]
[0,165]
[17,182]
[34,199]
[51,216]
[68,233]
[85,250]
[102,267]
[119,284]
[136,301]
[153,318]
[170,335]
[187,352]
[195,370]
[177,388]
[159,406]
[141,415]
[123,397]
[105,379]
[87,361]
[69,343]
[51,325]
[33,307]
[15,289]
[0,271]
[18,253]
[36,235]
[54,217]
[72,199]
[90,181]
[108,163]
[126,145]
[144,127]
[162,109]
[180,91]
[195,80]
[177,98]
[159,116]
[141,134]
[123,152]
[105,170]
[87,188]
[69,206]
[51,224]
[33,242]
[15,260]
[0,278]
[18,296]
[36,314]
[54,332]
[72,350]
[90,368]
[108,386]
[126,404]
[144,415]
[162,397]
[180,379]
[195,361]
[177,343]
[159,325]
[141,307]
[123,289]
[105,271]
[87,253]
[69,235]
[51,217]
[33,199]
[15,181]
[0,163]
[18,145]
[36,127]
[54,109]
[72,91]
[90,80]
[108,98]
[126,116]
[144,134]
[162,152]
[180,170]
[195,188]
[177,206]
[159,224]
[141,242]
[123,260]
[105,278]
[87,296]
[69,314]
[51,332]
[33,350]
[15,368]
[0,386]
[18,404]
[36,415]
[54,397]
[72,379]
[90,361]
[108,343]
[126,325]
[144,307]
[162,289]
[180,271]
[195,253]
[177,235]
[159,217]
[141,199]
[123,181]
[105,163]
[87,145]
[69,127]
[51,109]
[33,91]
[15,80]
[0,98]
[19,117]
[38,136]
[57,155]
[76,174]
[95,193]
[114,212]
[133,231]
[152,250]
[171,269]
[190,288]
[195,307]
[176,326]
[157,345]
[138,364]
[119,383]
[100,402]
[81,415]
[62,396]
[43,377]
[24,358]
[5,339]
[0,320]
[19,301]
[38,282]
[57,263]
[76,244]
[95,225]
[114,206]
[133,187]
[152,168]
[171,149]
[190,130]
[195,111]
[176,92]
[157,80]
[138,99]
[119,118]
[100,137]
[81,156]
[62,175]
[43,194]
[24,213]
[5,232]
[0,251]
[19,270]
[38,289]
[57,308]
[76,327]
[95,346]
[114,365]
[133,384]
[152,403]
[171,415]
[190,396]
[195,377]
[176,358]
[157,339]
[138,320]
[119,301]
[100,282]
[81,263]
[62,244]
[43,225]
[24,206]
[5,187]
[0,168]
[19,149]
[38,130]
[57,111]
[76,92]
[95,80]
[114,99]
[133,118]
[152,137]
[171,156]
[190,175]
[195,194]
[176,213]
[157,232]
[138,251]
[119,270]
[100,289]
[81,308]
[62,327]
[43,346]
[24,365]
[5,384]
[0,403]
[19,415]
[38,396]
[57,377]
[76,358]
[95,339]
[114,320]
[133,301]
[152,282]
[171,263]
[190,244]
[195,225]
[176,206]
[156,186]
[136,166]
[116,146]
[96,126]
[76,106]
[56,86]
[36,80]
[16,100]
[0,120]
[20,140]
[40,160]
[60,180]
[80,200]
[100,220]
[120,240]
[140,260]
[160,280]
[180,300]
[195,320]
[175,340]
[155,360]
[135,380]
[115,400]
[95,415]
[75,395]
[55,375]
[35,355]
[15,335]
[0,315]
[20,295]
[40,275]
[60,255]
[80,235]
[100,215]
[120,195]
[140,175]
[160,155]
[180,135]
[195,115]
[175,95]
[155,80]
[135,100]
[115,120]
[95,140]
[75,160]
[55,180]
[35,200]
[15,220]
[0,240]
[20,260]
[40,280]
[60,300]
[80,320]
[100,340]
[120,360]
[140,380]
[160,400]
[180,415]
[195,395]
[175,375]
[155,355]
[135,335]
[115,315]
[95,295]
[75,275]
[55,255]
[35,235]
[15,215]
[0,195]
[20,175]
[40,155]
[60,135]
[80,115]
[100,95]
[120,80]
[140,100]
[160,120]
[180,140]
[195,160]
[175,180]
[155,200]
[135,220]
[115,240]
[95,260]
[75,280]
[55,300]
[35,320]
[15,340]
[0,360]
[20,380]
[40,400]
[60,415]
[80,395]
[100,375]
[120,355]
[140,335]
[160,315]
[180,295]
[195,275]
[175,255]
[154,234]
[133,213]
[112,192]
[91,171]
[70,150]
[49,129]
[28,108]
[7,87]
[0,80]
[21,101]
[42,122]
[63,143]
[84,164]
[105,185]
[126,206]
[147,227]
[168,248]
[189,269]
[195,290]
[174,311]
[153,332]
[132,353]
[111,374]
[90,395]
[69,415]
[48,394]
[27,373]
[6,352]
[0,331]
[21,310]
[42,289]
[63,268]
[84,247]
[105,226]
[126,205]
[147,184]
[168,163]
[189,142]
[195,121]
[174,100]
[153,80]
[132,101]
[111,122]
[90,143]
[69,164]
[48,185]
[27,206]
[6,227]
[0,248]
[21,269]
[42,290]
[63,311]
[84,332]
[105,353]
[126,374]
[147,395]
[168,415]
[189,394]
[195,373]
[174,352]
[153,331]
[132,310]
[111,289]
[90,268]
[69,247]
[48,226]
[27,205]
[6,184]
[0,163]
[21,142]
[42,121]
[63,100]
[84,80]
[105,101]
[126,122]
[147,143]
[168,164]
[189,185]
[195,206]
[174,227]
[153,248]
[132,269]
[111,290]
[90,311]
[69,332]
[48,353]
[27,374]
[6,395]
[0,415]
[21,394]
[42,373]
[63,352]
[84,331]
[105,310]
[126,289]
[147,268]
[168,247]
[189,226]
[195,205]
[174,184]
[152,162]
[130,140]
[108,118]
[86,96]
[64,80]
[42,102]
[20,124]
[0,146]
[22,168]
[44,190]
[66,212]
[88,234]
[110,256]
[132,278]
[154,300]
[176,322]
[195,344]
[173,366]
[151,388]
[129,410]
[107,415]
[85,393]
[63,371]
[41,349]
[19,327]
[0,305]
[22,283]
[44,261]
[66,239]
[88,217]
[110,195]
[132,173]
[154,151]
[176,129]
[195,107]
[173,85]
[151,80]
[129,102]
[107,124]
[85,146]
[63,168]
[41,190]
[19,212]
[0,234]
[22,256]
[44,278]
[66,300]
[88,322]
[110,344]
[132,366]
[154,388]
[176,410]
[195,415]
[173,393]
[151,371]
[129,349]
[107,327]
[85,305]
[63,283]
[41,261]
[19,239]
[0,217]
[22,195]
[44,173]
[66,151]
[88,129]
[110,107]
[132,85]
[154,80]
[176,102]
[195,124]
[173,146]
[151,168]
[129,190]
[107,212]
[85,234]
[63,256]
[41,278]
[19,300]
[0,322]
[22,344]
[44,366]
[66,388]
[88,410]
[110,415]
[132,393]
[154,371]
[176,349]
[195,327]
[173,305]
[151,283]
[129,261]
[107,239]
[85,217]
[63,195]
[41,173]
[19,151]
[0,129]
[22,107]
[44,85]
[67,80]
[90,103]
[113,126]
[136,149]
[159,172]
[182,195]
[195,218]
[172,241]
[149,264]
[126,287]
[103,310]
[80,333]
[57,356]
[34,379]
[11,402]
[0,415]
[23,392]
[46,369]
[69,346]
[92,323]
[115,300]
[138,277]
[161,254]
[184,231]
[195,208]
[172,185]
[149,162]
[126,139]
[103,116]
[80,93]
[57,80]
[34,103]
[11,126]
[0,149]
[23,172]
[46,195]
[69,218]
[92,241]
[115,264]
[138,287]
[161,310]
[184,333]
[195,356]
[172,379]
[149,402]
[126,415]
[103,392]
[80,369]
[57,346]
[34,323]
[11,300]
[0,277]
[23,254]
[46,231]
[69,208]
[92,185]
[115,162]
[138,139]
[161,116]
[184,93]
[195,80]
[172,103]
[149,126]
[126,149]
[103,172]
[80,195]
[57,218]
[34,241]
[11,264]
[0,287]
[23,310]
[46,333]
[69,356]
[92,379]
[115,402]
[138,415]
[161,392]
[184,369]
[195,346]
[172,323]
[149,300]
[126,277]
[103,254]
[80,231]
[57,208]
[34,185]
[11,162]
[0,139]
[23,116]
[46,93]
[69,80]
[92,103]
[115,126]
[138,149]
[161,172]
[184,195]
[195,218]
[172,241]
[149,264]
[126,287]
[102,311]
[78,335]
[54,359]
[30,383]
[6,407]
[0,415]
[24,391]
[48,367]
[72,343]
[96,319]
[120,295]
[144,271]
[168,247]
[192,223]
[195,199]
[171,175]
[147,151]
[123,127]
[99,103]
[75,80]
[51,104]
[27,128]
[3,152]
[0,176]
[24,200]
[48,224]
[72,248]
[96,272]
[120,296]
[144,320]
[168,344]
[192,368]
[195,392]
[171,415]
[147,391]
[123,367]
[99,343]
[75,319]
[51,295]
[27,271]
[3,247]
[0,223]
[24,199]
[48,175]
[72,151]
[96,127]
[120,103]
[144,80]
[168,104]
[192,128]
[195,152]
[171,176]
[147,200]
[123,224]
[99,248]
[75,272]
[51,296]
[27,320]
[3,344]
[0,368]
[24,392]
[48,415]
[72,391]
[96,367]
[120,343]
[144,319]
[168,295]
[192,271]
[195,247]
[171,223]
[147,199]
[123,175]
[99,151]
[75,127]
[51,103]
[27,80]
[3,104]
[0,128]
[24,152]
[48,176]
[72,200]
[96,224]
[120,248]
[144,272]
[168,296]
[192,320]
[195,344]
[171,368]
[147,392]
[123,415]
[99,391]
[75,367]
[51,343]
[27,319]
[3,295]
[0,271]
[24,247]
[48,223]
[72,199]
[96,175]
[121,150]
[146,125]
[171,100]
[195,80]
[170,105]
[145,130]
[120,155]
[95,180]
[70,205]
[45,230]
[20,255]
[0,280]
[25,305]
[50,330]
[75,355]
[100,380]
[125,405]
[150,415]
[175,390]
[195,365]
[170,340]
[145,315]
[120,290]
[95,265]
[70,240]
[45,215]
[20,190]
[0,165]
[25,140]
[50,115]
[75,90]
[100,80]
[125,105]
[150,130]
[175,155]
[195,180]
[170,205]
[145,230]
[120,255]
[95,280]
[70,305]
[45,330]
[20,355]
[0,380]
[25,405]
[50,415]
[75,390]
[100,365]
[125,340]
[150,315]
[175,290]
[195,265]
[170,240]
[145,215]
[120,190]
[95,165]
[70,140]
[45,115]
[20,90]
[0,80]
[25,105]
[50,130]
[75,155]
[100,180]
[125,205]
[150,230]
[175,255]
[195,280]
[170,305]
[145,330]
[120,355]
[95,380]
[70,405]
[45,415]
[20,390]
[0,365]
[25,340]
[50,315]
[75,290]
[100,265]
[125,240]
[150,215]
[175,190]
[195,165]
[170,140]
[145,115]
[120,90]
[95,80]
[70,105]
[45,130]
[20,155]
[0,180]
[25,205]
[50,230]
[75,255]
[100,280]
[125,305]
[150,330]
[175,355]
[195,380]
[169,406]
[143,415]
[117,389]
[91,363]
[65,337]
[39,311]
[13,285]
[0,259]
[26,233]
[52,207]
[78,181]
[104,155]
[130,129]
[156,103]
[182,80]
[195,106]
[169,132]
[143,158]
[117,184]
[91,210]
[65,236]
[39,262]
[13,288]
[0,314]
[26,340]
[52,366]
[78,392]
[104,415]
[130,389]
[156,363]
[182,337]
[195,311]
[169,285]
[143,259]
[117,233]
[91,207]
[65,181]
[39,155]
[13,129]
[0,103]
[26,80]
[52,106]
[78,132]
[104,158]
[130,184]
[156,210]
[182,236]
[195,262]
[169,288]
[143,314]
[117,340]
[91,366]
[65,392]
[39,415]
[13,389]
[0,363]
[26,337]
[52,311]
[78,285]
[104,259]
[130,233]
[156,207]
[182,181]
[195,155]
[169,129]
[143,103]
[117,80]
[91,106]
[65,132]
[39,158]
[13,184]
[0,210]
[26,236]
[52,262]
[78,288]
[104,314]
[130,340]
[156,366]
[182,392]
[195,415]
[169,389]
[143,363]
[117,337]
[91,311]
[65,285]
[39,259]
[13,233]
[0,207]
[26,181]
[52,155]
[78,129]
[104,103]
[130,80]
[156,106]
[182,132]
[195,158]
[169,184]
[143,210]
[117,236]
[91,262]
[64,289]
[37,316]
[10,343]
[0,370]
[27,397]
[54,415]
[81,388]
[108,361]
[135,334]
[162,307]
[189,280]
[195,253]
[168,226]
[141,199]
[114,172]
[87,145]
[60,118]
[33,91]
[6,80]
[0,107]
[27,134]
[54,161]
[81,188]
[108,215]
[135,242]
[162,269]
[189,296]
[195,323]
[168,350]
[141,377]
[114,404]
[87,415]
[60,388]
[33,361]
[6,334]
[0,307]
[27,280]
[54,253]
[81,226]
[108,199]
[135,172]
[162,145]
[189,118]
[195,91]
[168,80]
[141,107]
[114,134]
[87,161]
[60,188]
[33,215]
[6,242]
[0,269]
[27,296]
[54,323]
[81,350]
[108,377]
[135,404]
[162,415]
[189,388]
[195,361]
[168,334]
[141,307]
[114,280]
[87,253]
[60,226]
[33,199]
[6,172]
[0,145]
[27,118]
[54,91]
[81,80]
[108,107]
[135,134]
[162,161]
[189,188]
[195,215]
[168,242]
[141,269]
[114,296]
[87,323]
[60,350]
[33,377]
[6,404]
[0,415]
[27,388]
[54,361]
[81,334]
[108,307]
[135,280]
[162,253]
[189,226]
[195,199]
[168,172]
[141,145]
[114,118]
[87,91]
[60,80]
[33,107]
[6,134]
[0,161]
[28,189]
[56,217]
[84,245]
[112,273]
[140,301]
[168,329]
[195,357]
[167,385]
[139,413]
[111,415]
[83,387]
[55,359]
[27,331]
[0,303]
[28,275]
[56,247]
[84,219]
[112,191]
[140,163]
[168,135]
[195,107]
[167,80]
[139,108]
[111,136]
[83,164]
[55,192]
[27,220]
[0,248]
[28,276]
[56,304]
[84,332]
[112,360]
[140,388]
[168,415]
[195,387]
[167,359]
[139,331]
[111,303]
[83,275]
[55,247]
[27,219]
[0,191]
[28,163]
[56,135]
[84,107]
[112,80]
[140,108]
[168,136]
[195,164]
[167,192]
[139,220]
[111,248]
[83,276]
[55,304]
[27,332]
[0,360]
[28,388]
[56,415]
[84,387]
[112,359]
[140,331]
[168,303]
[195,275]
[167,247]
[139,219]
[111,191]
[83,163]
[55,135]
[27,107]
[0,80]
[28,108]
[56,136]
[84,164]
[112,192]
[140,220]
[168,248]
[195,276]
[167,304]
[139,332]
[111,360]
[83,388]
[55,415]
[27,387]
[0,359]
[28,331]
[56,303]
[84,275]
[112,247]
[140,219]
[168,191]
[195,163]
[167,135]
[139,107]
[111,80]
[83,108]
[55,136]
[27,164]
[0,192]
[28,220]
[56,248]
[85,277]
[114,306]
[143,335]
[172,364]
[195,393]
[166,415]
[137,386]
[108,357]
[79,328]
[50,299]
[21,270]
[0,241]
[29,212]
[58,183]
[87,154]
[116,125]
[145,96]
[174,80]
[195,109]
[166,138]
[137,167]
[108,196]
[79,225]
[50,254]
[21,283]
[0,312]
[29,341]
[58,370]
[87,399]
[116,415]
[145,386]
[174,357]
[195,328]
[166,299]
[137,270]
[108,241]
[79,212]
[50,183]
[21,154]
[0,125]
[29,96]
[58,80]
[87,109]
[116,138]
[145,167]
[174,196]
[195,225]
[166,254]
[137,283]
[108,312]
[79,341]
[50,370]
[21,399]
[0,415]
[29,386]
[58,357]
[87,328]
[116,299]
[145,270]
[174,241]
[195,212]
[166,183]
[137,154]
[108,125]
[79,96]
[50,80]
[21,109]
[0,138]
[29,167]
[58,196]
[87,225]
[116,254]
[145,283]
[174,312]
[195,341]
[166,370]
[137,399]
[108,415]
[79,386]
[50,357]
[21,328]
[0,299]
[29,270]
[58,241]
[87,212]
[116,183]
[145,154]
[174,125]
[195,96]
[166,80]
[137,109]
[108,138]
[79,167]
[50,196]
[21,225]
[0,254]
[29,283]
[58,312]
[87,341]
[116,370]
[146,400]
[176,415]
[195,385]
[165,355]
[135,325]
[105,295]
[75,265]
[45,235]
[15,205]
[0,175]
[30,145]
[60,115]
[90,85]
[120,80]
[150,110]
[180,140]
[195,170]
[165,200]
[135,230]
[105,260]
[75,290]
[45,320]
[15,350]
[0,380]
[30,410]
[60,415]
[90,385]
[120,355]
[150,325]
[180,295]
[195,265]
[165,235]
[135,205]
[105,175]
[75,145]
[45,115]
[15,85]
[0,80]
[30,110]
[60,140]
[90,170]
[120,200]
[150,230]
[180,260]
[195,290]
[165,320]
[135,350]
[105,380]
[75,410]
[45,415]
[15,385]
[0,355]
[30,325]
[60,295]
[90,265]
[120,235]
[150,205]
[180,175]
[195,145]
[165,115]
[135,85]
[105,80]
[75,110]
[45,140]
[15,170]
[0,200]
[30,230]
[60,260]
[90,290]
[120,320]
[150,350]
[180,380]
[195,410]
[165,415]
[135,385]
[105,355]
[75,325]
[45,295]
[15,265]
[0,235]
[30,205]
[60,175]
[90,145]
[120,115]
[150,85]
[180,80]
[195,110]
[165,140]
[135,170]
[105,200]
[75,230]
[45,260]
[15,290]
[0,320]
[30,350]
[60,380]
[90,410]
[120,415]
[150,385]
[180,355]
[195,324]
[164,293]
[133,262]
[102,231]
[71,200]
[40,169]
[9,138]
[0,107]
[31,80]
[62,111]
[93,142]
[124,173]
[155,204]
[186,235]
[195,266]
[164,297]
[133,328]
[102,359]
[71,390]
[40,415]
[9,384]
[0,353]
[31,322]
[62,291]
[93,260]
[124,229]
[155,198]
[186,167]
[195,136]
[164,105]
[133,80]
[102,111]
[71,142]
[40,173]
[9,204]
[0,235]
[31,266]
[62,297]
[93,328]
[124,359]
[155,390]
[186,415]
[195,384]
[164,353]
[133,322]
[102,291]
[71,260]
[40,229]
[9,198]
[0,167]
[31,136]
[62,105]
[93,80]
[124,111]
[155,142]
[186,173]
[195,204]
[164,235]
[133,266]
[102,297]
[71,328]
[40,359]
[9,390]
[0,415]
[31,384]
[62,353]
[93,322]
[124,291]
[155,260]
[186,229]
[195,198]
[164,167]
[133,136]
[102,105]
[71,80]
[40,111]
[9,142]
[0,173]
[31,204]
[62,235]
[93,266]
[124,297]
[155,328]
[186,359]
[195,390]
[164,415]
[133,384]
[102,353]
[71,322]
[40,291]
[9,260]
[0,229]
[31,198]
[62,167]
[93,136]
[124,105]
[155,80]
[186,111]
[195,142]
[164,173]
[132,205]
[100,237]
[68,269]
[36,301]
[4,333]
[0,365]
[32,397]
[64,415]
[96,383]
[128,351]
[160,319]
[192,287]
[195,255]
[163,223]
[131,191]
[99,159]
[67,127]
[35,95]
[3,80]
[0,112]
[32,144]
[64,176]
[96,208]
[128,240]
[160,272]
[192,304]
[195,336]
[163,368]
[131,400]
[99,415]
[67,383]
[35,351]
[3,319]
[0,287]
[32,255]
[64,223]
[96,191]
[128,159]
[160,127]
[192,95]
[195,80]
[163,112]
[131,144]
[99,176]
[67,208]
[35,240]
[3,272]
[0,304]
[32,336]
[64,368]
[96,400]
[128,415]
[160,383]
[192,351]
[195,319]
[163,287]
[131,255]
[99,223]
[67,191]
[35,159]
[3,127]
[0,95]
[32,80]
[64,112]
[96,144]
[128,176]
[160,208]
[192,240]
[195,272]
[163,304]
[131,336]
[99,368]
[67,400]
[35,415]
[3,383]
[0,351]
[32,319]
[64,287]
[96,255]
[128,223]
[160,191]
[192,159]
[195,127]
[163,95]
[131,80]
[99,112]
[67,144]
[35,176]
[3,208]
[0,240]
[32,272]
[64,304]
[96,336]
[128,368]
[160,400]
[192,415]
[195,383]
[163,351]
[131,319]
[99,287]
[66,254]
[33,221]
[0,188]
[33,155]
[66,122]
[99,89]
[132,80]
[165,113]
[195,146]
[162,179]
[129,212]
[96,245]
[63,278]
[30,311]
[0,344]
[33,377]
[66,410]
[99,415]
[132,382]
[165,349]
[195,316]
[162,283]
[129,250]
[96,217]
[63,184]
[30,151]
[0,118]
[33,85]
[66,80]
[99,113]
[132,146]
[165,179]
[195,212]
[162,245]
[129,278]
[96,311]
[63,344]
[30,377]
[0,410]
[33,415]
[66,382]
[99,349]
[132,316]
[165,283]
[195,250]
[162,217]
[129,184]
[96,151]
[63,118]
[30,85]
[0,80]
[33,113]
[66,146]
[99,179]
[132,212]
[165,245]
[195,278]
[162,311]
[129,344]
[96,377]
[63,410]
[30,415]
[0,382]
[33,349]
[66,316]
[99,283]
[132,250]
[165,217]
[195,184]
[162,151]
[129,118]
[96,85]
[63,80]
[30,113]
[0,146]
[33,179]
[66,212]
[99,245]
[132,278]
[165,311]
[195,344]
[162,377]
[129,410]
[96,415]
[63,382]
[30,349]
[0,316]
[33,283]
[66,250]
[99,217]
[132,184]
[165,151]
[195,118]
[162,85]
[129,80]
[96,113]
[63,146]
[30,179]
[0,212]
[33,245]
[67,279]
[101,313]
[135,347]
[169,381]
[195,415]
[161,381]
[127,347]
[93,313]
[59,279]
[25,245]
[0,211]
[34,177]
[68,143]
[102,109]
[136,80]
[170,114]
[195,148]
[161,182]
[127,216]
[93,250]
[59,284]
[25,318]
[0,352]
[34,386]
[68,415]
[102,381]
[136,347]
[170,313]
[195,279]
[161,245]
[127,211]
[93,177]
[59,143]
[25,109]
[0,80]
[34,114]
[68,148]
[102,182]
[136,216]
[170,250]
[195,284]
[161,318]
[127,352]
[93,386]
[59,415]
[25,381]
[0,347]
[34,313]
[68,279]
[102,245]
[136,211]
[170,177]
[195,143]
[161,109]
[127,80]
[93,114]
[59,148]
[25,182]
[0,216]
[34,250]
[68,284]
[102,318]
[136,352]
[170,386]
[195,415]
[161,381]
[127,347]
[93,313]
[59,279]
[25,245]
[0,211]
[34,177]
[68,143]
[102,109]
[136,80]
[170,114]
[195,148]
[161,182]
[127,216]
[93,250]
[59,284]
[25,318]
[0,352]
[34,386]
[68,415]
[102,381]
[136,347]
[170,313]
[195,279]
[161,245]
[127,211]
[93,177]
[59,143]
[25,109]
[0,80]
[34,114]
[68,148]
[102,182]
[136,216]
[170,250]
[195,285]
[160,320]
[125,355]
[90,390]
[55,415]
[20,380]
[0,345]
[35,310]
[70,275]
[105,240]
[140,205]
[175,170]
[195,135]
[160,100]
[125,80]
[90,115]
[55,150]
[20,185]
[0,220]
[35,255]
[70,290]
[105,325]
[140,360]
[175,395]
[195,415]
[160,380]
[125,345]
[90,310]
[55,275]
[20,240]
[0,205]
[35,170]
[70,135]
[105,100]
[140,80]
[175,115]
[195,150]
[160,185]
[125,220]
[90,255]
[55,290]
[20,325]
[0,360]
[35,395]
[70,415]
[105,380]
[140,345]
[175,310]
[195,275]
[160,240]
[125,205]
[90,170]
[55,135]
[20,100]
[0,80]
[35,115]
[70,150]
[105,185]
[140,220]
[175,255]
[195,290]
[160,325]
[125,360]
[90,395]
[55,415]
[20,380]
[0,345]
[35,310]
[70,275]
[105,240]
[140,205]
[175,170]
[195,135]
[160,100]
[125,80]
[90,115]
[55,150]
[20,185]
[0,220]
[35,255]
[70,290]
[105,325]
[140,360]
[175,395]
[195,415]
[160,380]
[125,345]
[90,310]
[55,275]
[20,240]
[0,205]
[35,170]
[70,135]
[105,100]
[140,80]
[175,115]
[195,150]
[160,185]
[125,220]
[90,255]
[54,291]
[18,327]
[0,363]
[36,399]
[72,415]
[108,379]
[144,343]
[180,307]
[195,271]
[159,235]
[123,199]
[87,163]
[51,127]
[15,91]
[0,80]
[36,116]
[72,152]
[108,188]
[144,224]
[180,260]
[195,296]
[159,332]
[123,368]
[87,404]
[51,415]
[15,379]
[0,343]
[36,307]
[72,271]
[108,235]
[144,199]
[180,163]
[195,127]
[159,91]
[123,80]
[87,116]
[51,152]
[15,188]
[0,224]
[36,260]
[72,296]
[108,332]
[144,368]
[180,404]
[195,415]
[159,379]
[123,343]
[87,307]
[51,271]
[15,235]
[0,199]
[36,163]
[72,127]
[108,91]
[144,80]
[180,116]
[195,152]
[159,188]
[123,224]
[87,260]
[51,296]
[15,332]
[0,368]
[36,404]
[72,415]
[108,379]
[144,343]
[180,307]
[195,271]
[159,235]
[123,199]
[87,163]
[51,127]
[15,91]
[0,80]
[36,116]
[72,152]
[108,188]
[144,224]
[180,260]
[195,296]
[159,332]
[123,368]
[87,404]
[51,415]
[15,379]
[0,343]
[36,307]
[72,271]
[108,235]
[144,199]
[180,163]
[195,127]
[159,91]
[123,80]
[87,116]
[51,152]
[15,188]
[0,224]
[36,260]
[73,297]
[110,334]
[147,371]
[184,408]
[195,415]
[158,378]
[121,341]
[84,304]
[47,267]
[10,230]
[0,193]
[37,156]
[74,119]
[111,82]
[148,80]
[185,117]
[195,154]
[158,191]
[121,228]
[84,265]
[47,302]
[10,339]
[0,376]
[37,413]
[74,415]
[111,378]
[148,341]
[185,304]
[195,267]
[158,230]
[121,193]
[84,156]
[47,119]
[10,82]
[0,80]
[37,117]
[74,154]
[111,191]
[148,228]
[185,265]
[195,302]
[158,339]
[121,376]
[84,413]
[47,415]
[10,378]
[0,341]
[37,304]
[74,267]
[111,230]
[148,193]
[185,156]
[195,119]
[158,82]
[121,80]
[84,117]
[47,154]
[10,191]
[0,228]
[37,265]
[74,302]
[111,339]
[148,376]
[185,413]
[195,415]
[158,378]
[121,341]
[84,304]
[47,267]
[10,230]
[0,193]
[37,156]
[74,119]
[111,82]
[148,80]
[185,117]
[195,154]
[158,191]
[121,228]
[84,265]
[47,302]
[10,339]
[0,376]
[37,413]
[74,415]
[111,378]
[148,341]
[185,304]
[195,267]
[158,230]
[121,193]
[84,156]
[47,119]
[10,82]
[0,80]
[37,117]
[74,154]
[111,191]
[148,228]
[185,265]
[195,303]
[157,341]
[119,379]
[81,415]
[43,377]
[5,339]
[0,301]
[38,263]
[76,225]
[114,187]
[152,149]
[190,111]
[195,80]
[157,118]
[119,156]
[81,194]
[43,232]
[5,270]
[0,308]
[38,346]
[76,384]
[114,415]
[152,377]
[190,339]
[195,301]
[157,263]
[119,225]
[81,187]
[43,149]
[5,111]
[0,80]
[38,118]
[76,156]
[114,194]
[152,232]
[190,270]
[195,308]
[157,346]
[119,384]
[81,415]
[43,377]
[5,339]
[0,301]
[38,263]
[76,225]
[114,187]
[152,149]
[190,111]
[195,80]
[157,118]
[119,156]
[81,194]
[43,232]
[5,270]
[0,308]
[38,346]
[76,384]
[114,415]
[152,377]
[190,339]
[195,301]
[157,263]
[119,225]
[81,187]
[43,149]
[5,111]
[0,80]
[38,118]
[76,156]
[114,194]
[152,232]
[190,270]
[195,308]
[157,346]
[119,384]
[81,415]
[43,377]
[5,339]
[0,301]
[38,263]
[76,225]
[114,187]
[152,149]
[190,111]
[195,80]
[157,118]
[119,156]
[81,194]
[43,232]
[5,270]
[0,308]
[38,346]
[76,384]
[114,415]
[152,377]
[190,339]
[195,301]
[157,263]
[119,225]
[81,187]
[42,148]
[3,109]
[0,80]
[39,119]
[78,158]
[117,197]
[156,236]
[195,275]
[156,314]
[117,353]
[78,392]
[39,415]
[0,376]
[39,337]
[78,298]
[117,259]
[156,220]
[195,181]
[156,142]
[117,103]
[78,80]
[39,119]
[0,158]
[39,197]
[78,236]
[117,275]
[156,314]
[195,353]
[156,392]
[117,415]
[78,376]
[39,337]
[0,298]
[39,259]
[78,220]
[117,181]
[156,142]
[195,103]
[156,80]
[117,119]
[78,158]
[39,197]
[0,236]
[39,275]
[78,314]
[117,353]
[156,392]
[195,415]
[156,376]
[117,337]
[78,298]
[39,259]
[0,220]
[39,181]
[78,142]
[117,103]
[156,80]
[195,119]
[156,158]
[117,197]
[78,236]
[39,275]
[0,314]
[39,353]
[78,392]
[117,415]
[156,376]
[195,337]
[156,298]
[117,259]
[78,220]
[39,181]
[0,142]
[39,103]
[78,80]
[117,119]
[156,158]
[195,197]
[156,236]
[117,275]
[78,314]
[39,353]
[0,392]
[39,415]
[78,376]
[117,337]
[156,298]
[195,259]
[156,220]
[117,181]
[78,142]
[39,103]
[0,80]
[39,119]
[78,158]
[117,197]
[156,236]
[195,275]
[156,314]
[117,353]
[77,393]
[37,415]
[0,375]
[40,335]
[80,295]
[120,255]
[160,215]
[195,175]
[155,135]
[115,95]
[75,80]
[35,120]
[0,160]
[40,200]
[80,240]
[120,280]
[160,320]
[195,360]
[155,400]
[115,415]
[75,375]
[35,335]
[0,295]
[40,255]
[80,215]
[120,175]
[160,135]
[195,95]
[155,80]
[115,120]
[75,160]
[35,200]
[0,240]
[40,280]
[80,320]
[120,360]
[160,400]
[195,415]
[155,375]
[115,335]
[75,295]
[35,255]
[0,215]
[40,175]
[80,135]
[120,95]
[160,80]
[195,120]
[155,160]
[115,200]
[75,240]
[35,280]
[0,320]
[40,360]
[80,400]
[120,415]
[160,375]
[195,335]
[155,295]
[115,255]
[75,215]
[35,175]
[0,135]
[40,95]
[80,80]
[120,120]
[160,160]
[195,200]
[155,240]
[115,280]
[75,320]
[35,360]
[0,400]
[40,415]
[80,375]
[120,335]
[160,295]
[195,255]
[155,215]
[115,175]
[75,135]
[35,95]
[0,80]
[40,120]
[80,160]
[120,200]
[160,240]
[195,280]
[155,320]
[115,360]
[75,400]
[35,415]
[0,375]
[40,335]
[80,295]
[120,255]
[160,215]
[195,175]
[155,135]
[115,95]
[74,80]
[328,415]
[328,415]
[195,408]
[188,401]
[181,394]
[174,387]
[167,380]
[160,373]
[153,366]
[146,359]
[139,352]
[132,345]
[125,338]
[118,331]
[111,324]
[104,317]
[97,310]
[90,303]
[83,296]
[76,289]
[69,282]
[62,275]
[55,268]
[48,261]
[41,254]
[34,247]
[27,240]
[20,233]
[13,226]
[6,219]
[0,212]
[7,205]
[14,198]
[21,191]
[28,184]
[35,177]
[42,170]
[49,163]
[56,156]
[63,149]
[70,142]
[77,135]
[84,128]
[91,121]
[98,114]
[105,107]
[112,100]
[119,93]
[126,86]
[133,80]
[140,87]
[147,94]
[154,101]
[161,108]
[168,115]
[175,122]
[182,129]
[189,136]
[195,143]
[188,150]
[181,157]
[174,164]
[167,171]
[160,178]
[153,185]
[146,192]
[139,199]
[132,206]
[125,213]
[118,220]
[111,227]
[104,234]
[97,241]
[90,248]
[83,255]
[76,262]
[69,269]
[62,276]
[55,283]
[48,290]
[41,297]
[34,304]
[27,311]
[20,318]
[13,325]
[6,332]
[0,339]
[7,346]
[14,353]
[21,360]
[28,367]
[35,374]
[42,381]
[49,388]
[56,395]
[63,402]
[70,409]
[77,415]
[84,408]
[91,401]
[98,394]
[106,386]
[114,378]
[122,370]
[130,362]
[138,354]
[146,346]
[154,338]
[162,330]
[170,322]
[178,314]
[186,306]
[194,298]
[195,290]
[187,282]
[179,274]
[171,266]
[163,258]
[155,250]
[147,242]
[139,234]
[131,226]
[123,218]
[115,210]
[107,202]
[99,194]
[91,186]
[83,178]
[75,170]
[67,162]
[59,154]
[51,146]
[43,138]
[35,130]
[27,122]
[19,114]
[11,106]
[3,98]
[0,90]
[8,82]
[16,80]
[24,88]
[32,96]
[40,104]
[48,112]
[56,120]
[64,128]
[72,136]
[80,144]
[88,152]
[96,160]
[104,168]
[112,176]
[120,184]
[128,192]
[136,200]
[144,208]
[152,216]
[160,224]
[168,232]
[176,240]
[184,248]
[192,256]
[195,264]
[187,272]
[179,280]
[171,288]
[163,296]
[155,304]
[147,312]
[139,320]
[131,328]
[123,336]
[115,344]
[107,352]
[99,360]
[91,368]
[83,376]
[75,384]
[67,392]
[59,400]
[51,408]
[43,415]
[35,407]
[27,399]
[19,391]
[11,383]
[3,375]
[0,367]
[8,359]
[16,351]
[24,343]
[32,335]
[40,327]
[48,319]
[56,311]
[64,303]
[72,295]
[80,287]
[88,279]
[96,271]
[105,262]
[114,253]
[123,244]
[132,235]
[141,226]
[150,217]
[159,208]
[168,199]
[177,190]
[186,181]
[195,172]
[186,163]
[177,154]
[168,145]
[159,136]
[150,127]
[141,118]
[132,109]
[123,100]
[114,91]
[105,82]
[96,80]
[87,89]
[78,98]
[69,107]
[60,116]
[51,125]
[42,134]
[33,143]
[24,152]
[15,161]
[6,170]
[0,179]
[9,188]
[18,197]
[27,206]
[36,215]
[45,224]
[54,233]
[63,242]
[72,251]
[81,260]
[90,269]
[99,278]
[108,287]
[117,296]
[126,305]
[135,314]
[144,323]
[153,332]
[162,341]
[171,350]
[180,359]
[189,368]
[195,377]
[186,386]
[177,395]
[168,404]
[159,413]
[150,415]
[141,406]
[132,397]
[123,388]
[114,379]
[105,370]
[96,361]
[87,352]
[78,343]
[69,334]
[60,325]
[51,316]
[42,307]
[33,298]
[24,289]
[15,280]
[6,271]
[0,262]
[9,253]
[18,244]
[27,235]
[36,226]
[45,217]
[54,208]
[63,199]
[72,190]
[81,181]
[90,172]
[99,163]
[108,154]
[117,145]
[126,136]
[135,127]
[144,118]
[153,109]
[162,100]
[171,91]
[180,82]
[189,80]
[195,89]
[186,98]
[176,108]
[166,118]
[156,128]
[146,138]
[136,148]
[126,158]
[116,168]
[106,178]
[96,188]
[86,198]
[76,208]
[66,218]
[56,228]
[46,238]
[36,248]
[26,258]
[16,268]
[6,278]
[0,288]
[10,298]
[20,308]
[30,318]
[40,328]
[50,338]
[60,348]
[70,358]
[80,368]
[90,378]
[100,388]
[110,398]
[120,408]
[130,415]
[140,405]
[150,395]
[160,385]
[170,375]
[180,365]
[190,355]
[195,345]
[185,335]
[175,325]
[165,315]
[155,305]
[145,295]
[135,285]
[125,275]
[115,265]
[105,255]
[95,245]
[85,235]
[75,225]
[65,215]
[55,205]
[45,195]
[35,185]
[25,175]
[15,165]
[5,155]
[0,145]
[10,135]
[20,125]
[30,115]
[40,105]
[50,95]
[60,85]
[70,80]
[80,90]
[90,100]
[100,110]
[110,120]
[120,130]
[130,140]
[140,150]
[150,160]
[160,170]
[170,180]
[180,190]
[190,200]
[195,210]
[185,220]
[175,230]
[165,240]
[155,250]
[145,260]
[135,270]
[125,280]
[115,290]
[105,300]
[95,310]
[85,320]
[75,330]
[65,340]
[55,350]
[45,360]
[35,370]
[25,380]
[15,390]
[5,400]
[0,410]
[10,415]
[21,404]
[32,393]
[43,382]
[54,371]
[65,360]
[76,349]
[87,338]
[98,327]
[109,316]
[120,305]
[131,294]
[142,283]
[153,272]
[164,261]
[175,250]
[186,239]
[195,228]
[184,217]
[173,206]
[162,195]
[151,184]
[140,173]
[129,162]
[118,151]
[107,140]
[96,129]
[85,118]
[74,107]
[63,96]
[52,85]
[41,80]
[30,91]
[19,102]
[8,113]
[0,124]
[11,135]
[22,146]
[33,157]
[44,168]
[55,179]
[66,190]
[77,201]
[88,212]
[99,223]
[110,234]
[121,245]
[132,256]
[143,267]
[154,278]
[165,289]
[176,300]
[187,311]
[195,322]
[184,333]
[173,344]
[162,355]
[151,366]
[140,377]
[129,388]
[118,399]
[107,410]
[96,415]
[85,404]
[74,393]
[63,382]
[52,371]
[41,360]
[30,349]
[19,338]
[8,327]
[0,316]
[11,305]
[22,294]
[33,283]
[44,272]
[55,261]
[66,250]
[77,239]
[88,228]
[99,217]
[110,206]
[121,195]
[132,184]
[143,173]
[154,162]
[165,151]
[176,140]
[187,129]
[195,118]
[184,107]
[173,96]
[162,85]
[151,80]
[140,91]
[129,102]
[118,113]
[107,124]
[96,135]
[85,146]
[74,157]
[62,169]
[50,181]
[38,193]
[26,205]
[14,217]
[2,229]
[0,241]
[12,253]
[24,265]
[36,277]
[48,289]
[60,301]
[72,313]
[84,325]
[96,337]
[108,349]
[120,361]
[132,373]
[144,385]
[156,397]
[168,409]
[180,415]
[192,403]
[195,391]
[183,379]
[171,367]
[159,355]
[147,343]
[135,331]
[123,319]
[111,307]
[99,295]
[87,283]
[75,271]
[63,259]
[51,247]
[39,235]
[27,223]
[15,211]
[3,199]
[0,187]
[12,175]
[24,163]
[36,151]
[48,139]
[60,127]
[72,115]
[84,103]
[96,91]
[108,80]
[120,92]
[132,104]
[144,116]
[156,128]
[168,140]
[180,152]
[192,164]
[195,176]
[183,188]
[171,200]
[159,212]
[147,224]
[135,236]
[123,248]
[111,260]
[99,272]
[87,284]
[75,296]
[63,308]
[51,320]
[39,332]
[27,344]
[15,356]
[3,368]
[0,380]
[12,392]
[24,404]
[36,415]
[48,403]
[60,391]
[72,379]
[84,367]
[96,355]
[108,343]
[120,331]
[132,319]
[144,307]
[156,295]
[168,283]
[180,271]
[192,259]
[195,247]
[183,235]
[171,223]
[159,211]
[147,199]
[135,187]
[123,175]
[111,163]
[99,151]
[86,138]
[73,125]
[60,112]
[47,99]
[34,86]
[21,80]
[8,93]
[0,106]
[13,119]
[26,132]
[39,145]
[52,158]
[65,171]
[78,184]
[91,197]
[104,210]
[117,223]
[130,236]
[143,249]
[156,262]
[169,275]
[182,288]
[195,301]
[182,314]
[169,327]
[156,340]
[143,353]
[130,366]
[117,379]
[104,392]
[91,405]
[78,415]
[65,402]
[52,389]
[39,376]
[26,363]
[13,350]
[0,337]
[13,324]
[26,311]
[39,298]
[52,285]
[65,272]
[78,259]
[91,246]
[104,233]
[117,220]
[130,207]
[143,194]
[156,181]
[169,168]
[182,155]
[195,142]
[182,129]
[169,116]
[156,103]
[143,90]
[130,80]
[117,93]
[104,106]
[91,119]
[78,132]
[65,145]
[52,158]
[39,171]
[26,184]
[13,197]
[0,210]
[13,223]
[26,236]
[39,249]
[52,262]
[65,275]
[78,288]
[91,301]
[104,314]
[117,327]
[130,340]
[143,353]
[156,366]
[169,379]
[182,392]
[195,405]
[182,415]
[169,402]
[156,389]
[143,376]
[130,363]
[117,350]
[104,337]
[91,324]
[78,311]
[65,298]
[52,285]
[39,272]
[26,259]
[13,246]
[0,233]
[13,220]
[26,207]
[40,193]
[54,179]
[68,165]
[82,151]
[96,137]
[110,123]
[124,109]
[138,95]
[152,81]
[166,80]
[180,94]
[194,108]
[195,122]
[181,136]
[167,150]
[153,164]
[139,178]
[125,192]
[111,206]
[97,220]
[83,234]
[69,248]
[55,262]
[41,276]
[27,290]
[13,304]
[0,318]
[14,332]
[28,346]
[42,360]
[56,374]
[70,388]
[84,402]
[98,415]
[112,401]
[126,387]
[140,373]
[154,359]
[168,345]
[182,331]
[195,317]
[181,303]
[167,289]
[153,275]
[139,261]
[125,247]
[111,233]
[97,219]
[83,205]
[69,191]
[55,177]
[41,163]
[27,149]
[13,135]
[0,121]
[14,107]
[28,93]
[42,80]
[56,94]
[70,108]
[84,122]
[98,136]
[112,150]
[126,164]
[140,178]
[154,192]
[168,206]
[182,220]
[195,234]
[181,248]
[167,262]
[153,276]
[139,290]
[125,304]
[111,318]
[97,332]
[83,346]
[69,360]
[55,374]
[41,388]
[27,402]
[13,415]
[0,401]
[14,387]
[28,373]
[42,359]
[56,345]
[70,331]
[84,317]
[98,303]
[112,289]
[126,275]
[140,261]
[154,247]
[168,233]
[182,219]
[195,205]
[181,191]
[167,177]
[153,163]
[138,148]
[123,133]
[108,118]
[93,103]
[78,88]
[63,80]
[48,95]
[33,110]
[18,125]
[3,140]
[0,155]
[15,170]
[30,185]
[45,200]
[60,215]
[75,230]
[90,245]
[105,260]
[120,275]
[135,290]
[150,305]
[165,320]
[180,335]
[195,350]
[180,365]
[165,380]
[150,395]
[135,410]
[120,415]
[105,400]
[90,385]
[75,370]
[60,355]
[45,340]
[30,325]
[15,310]
[0,295]
[15,280]
[30,265]
[45,250]
[60,235]
[75,220]
[90,205]
[105,190]
[120,175]
[135,160]
[150,145]
[165,130]
[180,115]
[195,100]
[180,85]
[165,80]
[150,95]
[135,110]
[120,125]
[105,140]
[90,155]
[75,170]
[60,185]
[45,200]
[30,215]
[15,230]
[0,245]
[15,260]
[30,275]
[45,290]
[60,305]
[75,320]
[90,335]
[105,350]
[120,365]
[135,380]
[150,395]
[165,410]
[180,415]
[195,400]
[180,385]
[165,370]
[150,355]
[135,340]
[120,325]
[105,310]
[90,295]
[75,280]
[60,265]
[45,250]
[30,235]
[15,220]
[0,205]
[15,190]
[30,175]
[45,160]
[60,145]
[75,130]
[90,115]
[105,100]
[120,85]
[135,80]
[150,95]
[165,110]
[181,126]
[195,142]
[179,158]
[163,174]
[147,190]
[131,206]
[115,222]
[99,238]
[83,254]
[67,270]
[51,286]
[35,302]
[19,318]
[3,334]
[0,350]
[16,366]
[32,382]
[48,398]
[64,414]
[80,415]
[96,399]
[112,383]
[128,367]
[144,351]
[160,335]
[176,319]
[192,303]
[195,287]
[179,271]
[163,255]
[147,239]
[131,223]
[115,207]
[99,191]
[83,175]
[67,159]
[51,143]
[35,127]
[19,111]
[3,95]
[0,80]
[16,96]
[32,112]
[48,128]
[64,144]
[80,160]
[96,176]
[112,192]
[128,208]
[144,224]
[160,240]
[176,256]
[192,272]
[195,288]
[179,304]
[163,320]
[147,336]
[131,352]
[115,368]
[99,384]
[83,400]
[67,415]
[51,399]
[35,383]
[19,367]
[3,351]
[0,335]
[16,319]
[32,303]
[48,287]
[64,271]
[80,255]
[96,239]
[112,223]
[128,207]
[144,191]
[160,175]
[176,159]
[192,143]
[195,127]
[179,111]
[163,95]
[147,80]
[131,96]
[115,112]
[99,128]
[83,144]
[67,160]
[51,176]
[35,192]
[19,208]
[3,224]
[0,240]
[16,256]
[32,272]
[48,288]
[64,304]
[80,320]
[96,336]
[112,352]
[129,369]
[146,386]
[163,403]
[180,415]
[195,398]
[178,381]
[161,364]
[144,347]
[127,330]
[110,313]
[93,296]
[76,279]
[59,262]
[42,245]
[25,228]
[8,211]
[0,194]
[17,177]
[34,160]
[51,143]
[68,126]
[85,109]
[102,92]
[119,80]
[136,97]
[153,114]
[170,131]
[187,148]
[195,165]
[178,182]
[161,199]
[144,216]
[127,233]
[110,250]
[93,267]
[76,284]
[59,301]
[42,318]
[25,335]
[8,352]
[0,369]
[17,386]
[34,403]
[51,415]
[68,398]
[85,381]
[102,364]
[119,347]
[136,330]
[153,313]
[170,296]
[187,279]
[195,262]
[178,245]
[161,228]
[144,211]
[127,194]
[110,177]
[93,160]
[76,143]
[59,126]
[42,109]
[25,92]
[8,80]
[0,97]
[17,114]
[34,131]
[51,148]
[68,165]
[85,182]
[102,199]
[119,216]
[136,233]
[153,250]
[170,267]
[187,284]
[195,301]
[178,318]
[161,335]
[144,352]
[127,369]
[110,386]
[93,403]
[76,415]
[59,398]
[42,381]
[25,364]
[8,347]
[0,330]
[17,313]
[34,296]
[51,279]
[68,262]
[85,245]
[102,228]
[119,211]
[136,194]
[153,177]
[170,160]
[187,143]
[195,125]
[177,107]
[159,89]
[141,80]
[123,98]
[105,116]
[87,134]
[69,152]
[51,170]
[33,188]
[15,206]
[0,224]
[18,242]
[36,260]
[54,278]
[72,296]
[90,314]
[108,332]
[126,350]
[144,368]
[162,386]
[180,404]
[195,415]
[177,397]
[159,379]
[141,361]
[123,343]
[105,325]
[87,307]
[69,289]
[51,271]
[33,253]
[15,235]
[0,217]
[18,199]
[36,181]
[54,163]
[72,145]
[90,127]
[108,109]
[126,91]
[144,80]
[162,98]
[180,116]
[195,134]
[177,152]
[159,170]
[141,188]
[123,206]
[105,224]
[87,242]
[69,260]
[51,278]
[33,296]
[15,314]
[0,332]
[18,350]
[36,368]
[54,386]
[72,404]
[90,415]
[108,397]
[126,379]
[144,361]
[162,343]
[180,325]
[195,307]
[177,289]
[159,271]
[141,253]
[123,235]
[105,217]
[87,199]
[69,181]
[51,163]
[33,145]
[15,127]
[0,109]
[18,91]
[36,80]
[54,98]
[72,116]
[90,134]
[108,152]
[126,170]
[144,188]
[162,206]
[180,224]
[195,242]
[177,260]
[159,278]
[141,296]
[123,314]
[105,332]
[87,350]
[69,368]
[51,386]
[33,404]
[15,415]
[0,397]
[19,378]
[38,359]
[57,340]
[76,321]
[95,302]
[114,283]
[133,264]
[152,245]
[171,226]
[190,207]
[195,188]
[176,169]
[157,150]
[138,131]
[119,112]
[100,93]
[81,80]
[62,99]
[43,118]
[24,137]
[5,156]
[0,175]
[19,194]
[38,213]
[57,232]
[76,251]
[95,270]
[114,289]
[133,308]
[152,327]
[171,346]
[190,365]
[195,384]
[176,403]
[157,415]
[138,396]
[119,377]
[100,358]
[81,339]
[62,320]
[43,301]
[24,282]
[5,263]
[0,244]
[19,225]
[38,206]
[57,187]
[76,168]
[95,149]
[114,130]
[133,111]
[152,92]
[171,80]
[190,99]
[195,118]
[176,137]
[157,156]
[138,175]
[119,194]
[100,213]
[81,232]
[62,251]
[43,270]
[24,289]
[5,308]
[0,327]
[19,346]
[38,365]
[57,384]
[76,403]
[95,415]
[114,396]
[133,377]
[152,358]
[171,339]
[190,320]
[195,301]
[176,282]
[157,263]
[138,244]
[119,225]
[100,206]
[81,187]
[62,168]
[43,149]
[24,130]
[5,111]
[0,92]
[19,80]
[38,99]
[57,118]
[76,137]
[95,156]
[114,175]
[133,194]
[152,213]
[171,232]
[190,251]
[195,270]
[176,289]
[156,309]
[136,329]
[116,349]
[96,369]
[76,389]
[56,409]
[36,415]
[16,395]
[0,375]
[20,355]
[40,335]
[60,315]
[80,295]
[100,275]
[120,255]
[140,235]
[160,215]
[180,195]
[195,175]
[175,155]
[155,135]
[135,115]
[115,95]
[95,80]
[75,100]
[55,120]
[35,140]
[15,160]
[0,180]
[20,200]
[40,220]
[60,240]
[80,260]
[100,280]
[120,300]
[140,320]
[160,340]
[180,360]
[195,380]
[175,400]
[155,415]
[135,395]
[115,375]
[95,355]
[75,335]
[55,315]
[35,295]
[15,275]
[0,255]
[20,235]
[40,215]
[60,195]
[80,175]
[100,155]
[120,135]
[140,115]
[160,95]
[180,80]
[195,100]
[175,120]
[155,140]
[135,160]
[115,180]
[95,200]
[75,220]
[55,240]
[35,260]
[15,280]
[0,300]
[20,320]
[40,340]
[60,360]
[80,380]
[100,400]
[120,415]
[140,395]
[160,375]
[180,355]
[195,335]
[175,315]
[155,295]
[135,275]
[115,255]
[95,235]
[75,215]
[55,195]
[35,175]
[15,155]
[0,135]
[20,115]
[40,95]
[60,80]
[80,100]
[100,120]
[120,140]
[140,160]
[160,180]
[180,200]
[195,220]
[175,240]
[154,261]
[133,282]
[112,303]
[91,324]
[70,345]
[49,366]
[28,387]
[7,408]
[0,415]
[21,394]
[42,373]
[63,352]
[84,331]
[105,310]
[126,289]
[147,268]
[168,247]
[189,226]
[195,205]
[174,184]
[153,163]
[132,142]
[111,121]
[90,100]
[69,80]
[48,101]
[27,122]
[6,143]
[0,164]
[21,185]
[42,206]
[63,227]
[84,248]
[105,269]
[126,290]
[147,311]
[168,332]
[189,353]
[195,374]
[174,395]
[153,415]
[132,394]
[111,373]
[90,352]
[69,331]
[48,310]
[27,289]
[6,268]
[0,247]
[21,226]
[42,205]
[63,184]
[84,163]
[105,142]
[126,121]
[147,100]
[168,80]
[189,101]
[195,122]
[174,143]
[153,164]
[132,185]
[111,206]
[90,227]
[69,248]
[48,269]
[27,290]
[6,311]
[0,332]
[21,353]
[42,374]
[63,395]
[84,415]
[105,394]
[126,373]
[147,352]
[168,331]
[189,310]
[195,289]
[174,268]
[153,247]
[132,226]
[111,205]
[90,184]
[69,163]
[48,142]
[27,121]
[6,100]
[0,80]
[21,101]
[42,122]
[63,143]
[84,164]
[105,185]
[126,206]
[147,227]
[168,248]
[189,269]
[195,290]
[174,311]
[152,333]
[130,355]
[108,377]
[86,399]
[64,415]
[42,393]
[20,371]
[0,349]
[22,327]
[44,305]
[66,283]
[88,261]
[110,239]
[132,217]
[154,195]
[176,173]
[195,151]
[173,129]
[151,107]
[129,85]
[107,80]
[85,102]
[63,124]
[41,146]
[19,168]
[0,190]
[22,212]
[44,234]
[66,256]
[88,278]
[110,300]
[132,322]
[154,344]
[176,366]
[195,388]
[173,410]
[151,415]
[129,393]
[107,371]
[85,349]
[63,327]
[41,305]
[19,283]
[0,261]
[22,239]
[44,217]
[66,195]
[88,173]
[110,151]
[132,129]
[154,107]
[176,85]
[195,80]
[173,102]
[151,124]
[129,146]
[107,168]
[85,190]
[63,212]
[41,234]
[19,256]
[0,278]
[22,300]
[44,322]
[66,344]
[88,366]
[110,388]
[132,410]
[154,415]
[176,393]
[195,371]
[173,349]
[151,327]
[129,305]
[107,283]
[85,261]
[63,239]
[41,217]
[19,195]
[0,173]
[22,151]
[44,129]
[66,107]
[88,85]
[110,80]
[132,102]
[154,124]
[176,146]
[195,168]
[173,190]
[151,212]
[129,234]
[107,256]
[85,278]
[63,300]
[41,322]
[19,344]
[0,366]
[22,388]
[44,410]
[67,415]
[90,392]
[113,369]
[136,346]
[159,323]
[182,300]
[195,277]
[172,254]
[149,231]
[126,208]
[103,185]
[80,162]
[57,139]
[34,116]
[11,93]
[0,80]
[23,103]
[46,126]
[69,149]
[92,172]
[115,195]
[138,218]
[161,241]
[184,264]
[195,287]
[172,310]
[149,333]
[126,356]
[103,379]
[80,402]
[57,415]
[34,392]
[11,369]
[0,346]
[23,323]
[46,300]
[69,277]
[92,254]
[115,231]
[138,208]
[161,185]
[184,162]
[195,139]
[172,116]
[149,93]
[126,80]
[103,103]
[80,126]
[57,149]
[34,172]
[11,195]
[0,218]
[23,241]
[46,264]
[69,287]
[92,310]
[115,333]
[138,356]
[161,379]
[184,402]
[195,415]
[172,392]
[149,369]
[126,346]
[103,323]
[80,300]
[57,277]
[34,254]
[11,231]
[0,208]
[23,185]
[46,162]
[69,139]
[92,116]
[115,93]
[138,80]
[161,103]
[184,126]
[195,149]
[172,172]
[149,195]
[126,218]
[103,241]
[80,264]
[57,287]
[34,310]
[11,333]
[0,356]
[23,379]
[46,402]
[69,415]
[92,392]
[115,369]
[138,346]
[161,323]
[184,300]
[195,277]
[172,254]
[149,231]
[126,208]
[102,184]
[78,160]
[54,136]
[30,112]
[6,88]
[0,80]
[24,104]
[48,128]
[72,152]
[96,176]
[120,200]
[144,224]
[168,248]
[192,272]
[195,296]
[171,320]
[147,344]
[123,368]
[99,392]
[75,415]
[51,391]
[27,367]
[3,343]
[0,319]
[24,295]
[48,271]
[72,247]
[96,223]
[120,199]
[144,175]
[168,151]
[192,127]
[195,103]
[171,80]
[147,104]
[123,128]
[99,152]
[75,176]
[51,200]
[27,224]
[3,248]
[0,272]
[24,296]
[48,320]
[72,344]
[96,368]
[120,392]
[144,415]
[168,391]
[192,367]
[195,343]
[171,319]
[147,295]
[123,271]
[99,247]
[75,223]
[51,199]
[27,175]
[3,151]
[0,127]
[24,103]
[48,80]
[72,104]
[96,128]
[120,152]
[144,176]
[168,200]
[192,224]
[195,248]
[171,272]
[147,296]
[123,320]
[99,344]
[75,368]
[51,392]
[27,415]
[3,391]
[0,367]
[24,343]
[48,319]
[72,295]
[96,271]
[120,247]
[144,223]
[168,199]
[192,175]
[195,151]
[171,127]
[147,103]
[123,80]
[99,104]
[75,128]
[51,152]
[27,176]
[3,200]
[0,224]
[24,248]
[48,272]
[72,296]
[96,320]
[121,345]
[146,370]
[171,395]
[195,415]
[170,390]
[145,365]
[120,340]
[95,315]
[70,290]
[45,265]
[20,240]
[0,215]
[25,190]
[50,165]
[75,140]
[100,115]
[125,90]
[150,80]
[175,105]
[195,130]
[170,155]
[145,180]
[120,205]
[95,230]
[70,255]
[45,280]
[20,305]
[0,330]
[25,355]
[50,380]
[75,405]
[100,415]
[125,390]
[150,365]
[175,340]
[195,315]
[170,290]
[145,265]
[120,240]
[95,215]
[70,190]
[45,165]
[20,140]
[0,115]
[25,90]
[50,80]
[75,105]
[100,130]
[125,155]
[150,180]
[175,205]
[195,230]
[170,255]
[145,280]
[120,305]
[95,330]
[70,355]
[45,380]
[20,405]
[0,415]
[25,390]
[50,365]
[75,340]
[100,315]
[125,290]
[150,265]
[175,240]
[195,215]
[170,190]
[145,165]
[120,140]
[95,115]
[70,90]
[45,80]
[20,105]
[0,130]
[25,155]
[50,180]
[75,205]
[100,230]
[125,255]
[150,280]
[175,305]
[195,330]
[170,355]
[145,380]
[120,405]
[95,415]
[70,390]
[45,365]
[20,340]
[0,315]
[25,290]
[50,265]
[75,240]
[100,215]
[125,190]
[150,165]
[175,140]
[195,115]
[169,89]
[143,80]
[117,106]
[91,132]
[65,158]
[39,184]
[13,210]
[0,236]
[26,262]
[52,288]
[78,314]
[104,340]
[130,366]
[156,392]
[182,415]
[195,389]
[169,363]
[143,337]
[117,311]
[91,285]
[65,259]
[39,233]
[13,207]
[0,181]
[26,155]
[52,129]
[78,103]
[104,80]
[130,106]
[156,132]
[182,158]
[195,184]
[169,210]
[143,236]
[117,262]
[91,288]
[65,314]
[39,340]
[13,366]
[0,392]
[26,415]
[52,389]
[78,363]
[104,337]
[130,311]
[156,285]
[182,259]
[195,233]
[169,207]
[143,181]
[117,155]
[91,129]
[65,103]
[39,80]
[13,106]
[0,132]
[26,158]
[52,184]
[78,210]
[104,236]
[130,262]
[156,288]
[182,314]
[195,340]
[169,366]
[143,392]
[117,415]
[91,389]
[65,363]
[39,337]
[13,311]
[0,285]
[26,259]
[52,233]
[78,207]
[104,181]
[130,155]
[156,129]
[182,103]
[195,80]
[169,106]
[143,132]
[117,158]
[91,184]
[65,210]
[39,236]
[13,262]
[0,288]
[26,314]
[52,340]
[78,366]
[104,392]
[130,415]
[156,389]
[182,363]
[195,337]
[169,311]
[143,285]
[117,259]
[91,233]
[64,206]
[37,179]
[10,152]
[0,125]
[27,98]
[54,80]
[81,107]
[108,134]
[135,161]
[162,188]
[189,215]
[195,242]
[168,269]
[141,296]
[114,323]
[87,350]
[60,377]
[33,404]
[6,415]
[0,388]
[27,361]
[54,334]
[81,307]
[108,280]
[135,253]
[162,226]
[189,199]
[195,172]
[168,145]
[141,118]
[114,91]
[87,80]
[60,107]
[33,134]
[6,161]
[0,188]
[27,215]
[54,242]
[81,269]
[108,296]
[135,323]
[162,350]
[189,377]
[195,404]
[168,415]
[141,388]
[114,361]
[87,334]
[60,307]
[33,280]
[6,253]
[0,226]
[27,199]
[54,172]
[81,145]
[108,118]
[135,91]
[162,80]
[189,107]
[195,134]
[168,161]
[141,188]
[114,215]
[87,242]
[60,269]
[33,296]
[6,323]
[0,350]
[27,377]
[54,404]
[81,415]
[108,388]
[135,361]
[162,334]
[189,307]
[195,280]
[168,253]
[141,226]
[114,199]
[87,172]
[60,145]
[33,118]
[6,91]
[0,80]
[27,107]
[54,134]
[81,161]
[108,188]
[135,215]
[162,242]
[189,269]
[195,296]
[168,323]
[141,350]
[114,377]
[87,404]
[60,415]
[33,388]
[6,361]
[0,334]
[28,306]
[56,278]
[84,250]
[112,222]
[140,194]
[168,166]
[195,138]
[167,110]
[139,82]
[111,80]
[83,108]
[55,136]
[27,164]
[0,192]
[28,220]
[56,248]
[84,276]
[112,304]
[140,332]
[168,360]
[195,388]
[167,415]
[139,387]
[111,359]
[83,331]
[55,303]
[27,275]
[0,247]
[28,219]
[56,191]
[84,163]
[112,135]
[140,107]
[168,80]
[195,108]
[167,136]
[139,164]
[111,192]
[83,220]
[55,248]
[27,276]
[0,304]
[28,332]
[56,360]
[84,388]
[112,415]
[140,387]
[168,359]
[195,331]
[167,303]
[139,275]
[111,247]
[83,219]
[55,191]
[27,163]
[0,135]
[28,107]
[56,80]
[84,108]
[112,136]
[140,164]
[168,192]
[195,220]
[167,248]
[139,276]
[111,304]
[83,332]
[55,360]
[27,388]
[0,415]
[28,387]
[56,359]
[84,331]
[112,303]
[140,275]
[168,247]
[195,219]
[167,191]
[139,163]
[111,135]
[83,107]
[55,80]
[27,108]
[0,136]
[28,164]
[56,192]
[84,220]
[112,248]
[140,276]
[168,304]
[195,332]
[167,360]
[139,388]
[111,415]
[83,387]
[55,359]
[27,331]
[0,303]
[28,275]
[56,247]
[85,218]
[114,189]
[143,160]
[172,131]
[195,102]
[166,80]
[137,109]
[108,138]
[79,167]
[50,196]
[21,225]
[0,254]
[29,283]
[58,312]
[87,341]
[116,370]
[145,399]
[174,415]
[195,386]
[166,357]
[137,328]
[108,299]
[79,270]
[50,241]
[21,212]
[0,183]
[29,154]
[58,125]
[87,96]
[116,80]
[145,109]
[174,138]
[195,167]
[166,196]
[137,225]
[108,254]
[79,283]
[50,312]
[21,341]
[0,370]
[29,399]
[58,415]
[87,386]
[116,357]
[145,328]
[174,299]
[195,270]
[166,241]
[137,212]
[108,183]
[79,154]
[50,125]
[21,96]
[0,80]
[29,109]
[58,138]
[87,167]
[116,196]
[145,225]
[174,254]
[195,283]
[166,312]
[137,341]
[108,370]
[79,399]
[50,415]
[21,386]
[0,357]
[29,328]
[58,299]
[87,270]
[116,241]
[145,212]
[174,183]
[195,154]
[166,125]
[137,96]
[108,80]
[79,109]
[50,138]
[21,167]
[0,196]
[29,225]
[58,254]
[87,283]
[116,312]
[145,341]
[174,370]
[195,399]
[166,415]
[137,386]
[108,357]
[79,328]
[50,299]
[21,270]
[0,241]
[29,212]
[58,183]
[87,154]
[116,125]
[146,95]
[176,80]
[195,110]
[165,140]
[135,170]
[105,200]
[75,230]
[45,260]
[15,290]
[0,320]
[30,350]
[60,380]
[90,410]
[120,415]
[150,385]
[180,355]
[195,325]
[165,295]
[135,265]
[105,235]
[75,205]
[45,175]
[15,145]
[0,115]
[30,85]
[60,80]
[90,110]
[120,140]
[150,170]
[180,200]
[195,230]
[165,260]
[135,290]
[105,320]
[75,350]
[45,380]
[15,410]
[0,415]
[30,385]
[60,355]
[90,325]
[120,295]
[150,265]
[180,235]
[195,205]
[165,175]
[135,145]
[105,115]
[75,85]
[45,80]
[15,110]
[0,140]
[30,170]
[60,200]
[90,230]
[120,260]
[150,290]
[180,320]
[195,350]
[165,380]
[135,410]
[105,415]
[75,385]
[45,355]
[15,325]
[0,295]
[30,265]
[60,235]
[90,205]
[120,175]
[150,145]
[180,115]
[195,85]
[165,80]
[135,110]
[105,140]
[75,170]
[45,200]
[15,230]
[0,260]
[30,290]
[60,320]
[90,350]
[120,380]
[150,410]
[180,415]
[195,385]
[165,355]
[135,325]
[105,295]
[75,265]
[45,235]
[15,205]
[0,175]
[30,145]
[60,115]
[90,85]
[120,80]
[150,110]
[180,140]
[195,171]
[164,202]
[133,233]
[102,264]
[71,295]
[40,326]
[9,357]
[0,388]
[31,415]
[62,384]
[93,353]
[124,322]
[155,291]
[186,260]
[195,229]
[164,198]
[133,167]
[102,136]
[71,105]
[40,80]
[9,111]
[0,142]
[31,173]
[62,204]
[93,235]
[124,266]
[155,297]
[186,328]
[195,359]
[164,390]
[133,415]
[102,384]
[71,353]
[40,322]
[9,291]
[0,260]
[31,229]
[62,198]
[93,167]
[124,136]
[155,105]
[186,80]
[195,111]
[164,142]
[133,173]
[102,204]
[71,235]
[40,266]
[9,297]
[0,328]
[31,359]
[62,390]
[93,415]
[124,384]
[155,353]
[186,322]
[195,291]
[164,260]
[133,229]
[102,198]
[71,167]
[40,136]
[9,105]
[0,80]
[31,111]
[62,142]
[93,173]
[124,204]
[155,235]
[186,266]
[195,297]
[164,328]
[133,359]
[102,390]
[71,415]
[40,384]
[9,353]
[0,322]
[31,291]
[62,260]
[93,229]
[124,198]
[155,167]
[186,136]
[195,105]
[164,80]
[133,111]
[102,142]
[71,173]
[40,204]
[9,235]
[0,266]
[31,297]
[62,328]
[93,359]
[124,390]
[155,415]
[186,384]
[195,353]
[164,322]
[132,290]
[100,258]
[68,226]
[36,194]
[4,162]
[0,130]
[32,98]
[64,80]
[96,112]
[128,144]
[160,176]
[192,208]
[195,240]
[163,272]
[131,304]
[99,336]
[67,368]
[35,400]
[3,415]
[0,383]
[32,351]
[64,319]
[96,287]
[128,255]
[160,223]
[192,191]
[195,159]
[163,127]
[131,95]
[99,80]
[67,112]
[35,144]
[3,176]
[0,208]
[32,240]
[64,272]
[96,304]
[128,336]
[160,368]
[192,400]
[195,415]
[163,383]
[131,351]
[99,319]
[67,287]
[35,255]
[3,223]
[0,191]
[32,159]
[64,127]
[96,95]
[128,80]
[160,112]
[192,144]
[195,176]
[163,208]
[131,240]
[99,272]
[67,304]
[35,336]
[3,368]
[0,400]
[32,415]
[64,383]
[96,351]
[128,319]
[160,287]
[192,255]
[195,223]
[163,191]
[131,159]
[99,127]
[67,95]
[35,80]
[3,112]
[0,144]
[32,176]
[64,208]
[96,240]
[128,272]
[160,304]
[192,336]
[195,368]
[163,400]
[131,415]
[99,383]
[67,351]
[35,319]
[3,287]
[0,255]
[32,223]
[64,191]
[96,159]
[128,127]
[160,95]
[192,80]
[195,112]
[163,144]
[131,176]
[99,208]
[66,241]
[33,274]
[0,307]
[33,340]
[66,373]
[99,406]
[132,415]
[165,382]
[195,349]
[162,316]
[129,283]
[96,250]
[63,217]
[30,184]
[0,151]
[33,118]
[66,85]
[99,80]
[132,113]
[165,146]
[195,179]
[162,212]
[129,245]
[96,278]
[63,311]
[30,344]
[0,377]
[33,410]
[66,415]
[99,382]
[132,349]
[165,316]
[195,283]
[162,250]
[129,217]
[96,184]
[63,151]
[30,118]
[0,85]
[33,80]
[66,113]
[99,146]
[132,179]
[165,212]
[195,245]
[162,278]
[129,311]
[96,344]
[63,377]
[30,410]
[0,415]
[33,382]
[66,349]
[99,316]
[132,283]
[165,250]
[195,217]
[162,184]
[129,151]
[96,118]
[63,85]
[30,80]
[0,113]
[33,146]
[66,179]
[99,212]
[132,245]
[165,278]
[195,311]
[162,344]
[129,377]
[96,410]
[63,415]
[30,382]
[0,349]
[33,316]
[66,283]
[99,250]
[132,217]
[165,184]
[195,151]
[162,118]
[129,85]
[96,80]
[63,113]
[30,146]
[0,179]
[33,212]
[66,245]
[99,278]
[132,311]
[165,344]
[195,377]
[162,410]
[129,415]
[96,382]
[63,349]
[30,316]
[0,283]
[33,250]
[67,216]
[101,182]
[135,148]
[169,114]
[195,80]
[161,114]
[127,148]
[93,182]
[59,216]
[25,250]
[0,284]
[34,318]
[68,352]
[102,386]
[136,415]
[170,381]
[195,347]
[161,313]
[127,279]
[93,245]
[59,211]
[25,177]
[0,143]
[34,109]
[68,80]
[102,114]
[136,148]
[170,182]
[195,216]
[161,250]
[127,284]
[93,318]
[59,352]
[25,386]
[0,415]
[34,381]
[68,347]
[102,313]
[136,279]
[170,245]
[195,211]
[161,177]
[127,143]
[93,109]
[59,80]
[25,114]
[0,148]
[34,182]
[68,216]
[102,250]
[136,284]
[170,318]
[195,352]
[161,386]
[127,415]
[93,381]
[59,347]
[25,313]
[0,279]
[34,245]
[68,211]
[102,177]
[136,143]
[170,109]
[195,80]
[161,114]
[127,148]
[93,182]
[59,216]
[25,250]
[0,284]
[34,318]
[68,352]
[102,386]
[136,415]
[170,381]
[195,347]
[161,313]
[127,279]
[93,245]
[59,211]
[25,177]
[0,143]
[34,109]
[68,80]
[102,114]
[136,148]
[170,182]
[195,216]
[161,250]
[127,284]
[93,318]
[59,352]
[25,386]
[0,415]
[34,381]
[68,347]
[102,313]
[136,279]
[170,245]
[195,210]
[160,175]
[125,140]
[90,105]
[55,80]
[20,115]
[0,150]
[35,185]
[70,220]
[105,255]
[140,290]
[175,325]
[195,360]
[160,395]
[125,415]
[90,380]
[55,345]
[20,310]
[0,275]
[35,240]
[70,205]
[105,170]
[140,135]
[175,100]
[195,80]
[160,115]
[125,150]
[90,185]
[55,220]
[20,255]
[0,290]
[35,325]
[70,360]
[105,395]
[140,415]
[175,380]
[195,345]
[160,310]
[125,275]
[90,240]
[55,205]
[20,170]
[0,135]
[35,100]
[70,80]
[105,115]
[140,150]
[175,185]
[195,220]
[160,255]
[125,290]
[90,325]
[55,360]
[20,395]
[0,415]
[35,380]
[70,345]
[105,310]
[140,275]
[175,240]
[195,205]
[160,170]
[125,135]
[90,100]
[55,80]
[20,115]
[0,150]
[35,185]
[70,220]
[105,255]
[140,290]
[175,325]
[195,360]
[160,395]
[125,415]
[90,380]
[55,345]
[20,310]
[0,275]
[35,240]
[70,205]
[105,170]
[140,135]
[175,100]
[195,80]
[160,115]
[125,150]
[90,185]
[55,220]
[20,255]
[0,290]
[35,325]
[70,360]
[105,395]
[140,415]
[175,380]
[195,345]
[160,310]
[125,275]
[90,240]
[54,204]
[18,168]
[0,132]
[36,96]
[72,80]
[108,116]
[144,152]
[180,188]
[195,224]
[159,260]
[123,296]
[87,332]
[51,368]
[15,404]
[0,415]
[36,379]
[72,343]
[108,307]
[144,271]
[180,235]
[195,199]
[159,163]
[123,127]
[87,91]
[51,80]
[15,116]
[0,152]
[36,188]
[72,224]
[108,260]
[144,296]
[180,332]
[195,368]
[159,404]
[123,415]
[87,379]
[51,343]
[15,307]
[0,271]
[36,235]
[72,199]
[108,163]
[144,127]
[180,91]
[195,80]
[159,116]
[123,152]
[87,188]
[51,224]
[15,260]
[0,296]
[36,332]
[72,368]
[108,404]
[144,415]
[180,379]
[195,343]
[159,307]
[123,271]
[87,235]
[51,199]
[15,163]
[0,127]
[36,91]
[72,80]
[108,116]
[144,152]
[180,188]
[195,224]
[159,260]
[123,296]
[87,332]
[51,368]
[15,404]
[0,415]
[36,379]
[72,343]
[108,307]
[144,271]
[180,235]
[195,199]
[159,163]
[123,127]
[87,91]
[51,80]
[15,116]
[0,152]
[36,188]
[72,224]
[108,260]
[144,296]
[180,332]
[195,368]
[159,404]
[123,415]
[87,379]
[51,343]
[15,307]
[0,271]
[36,235]
[73,198]
[110,161]
[147,124]
[184,87]
[195,80]
[158,117]
[121,154]
[84,191]
[47,228]
[10,265]
[0,302]
[37,339]
[74,376]
[111,413]
[148,415]
[185,378]
[195,341]
[158,304]
[121,267]
[84,230]
[47,193]
[10,156]
[0,119]
[37,82]
[74,80]
[111,117]
[148,154]
[185,191]
[195,228]
[158,265]
[121,302]
[84,339]
[47,376]
[10,413]
[0,415]
[37,378]
[74,341]
[111,304]
[148,267]
[185,230]
[195,193]
[158,156]
[121,119]
[84,82]
[47,80]
[10,117]
[0,154]
[37,191]
[74,228]
[111,265]
[148,302]
[185,339]
[195,376]
[158,413]
[121,415]
[84,378]
[47,341]
[10,304]
[0,267]
[37,230]
[74,193]
[111,156]
[148,119]
[185,82]
[195,80]
[158,117]
[121,154]
[84,191]
[47,228]
[10,265]
[0,302]
[37,339]
[74,376]
[111,413]
[148,415]
[185,378]
[195,341]
[158,304]
[121,267]
[84,230]
[47,193]
[10,156]
[0,119]
[37,82]
[74,80]
[111,117]
[148,154]
[185,191]
[195,228]
[158,265]
[121,302]
[84,339]
[47,376]
[10,413]
[0,415]
[37,378]
[74,341]
[111,304]
[148,267]
[185,230]
[195,192]
[157,154]
[119,116]
[81,80]
[43,118]
[5,156]
[0,194]
[38,232]
[76,270]
[114,308]
[152,346]
[190,384]
[195,415]
[157,377]
[119,339]
[81,301]
[43,263]
[5,225]
[0,187]
[38,149]
[76,111]
[114,80]
[152,118]
[190,156]
[195,194]
[157,232]
[119,270]
[81,308]
[43,346]
[5,384]
[0,415]
[38,377]
[76,339]
[114,301]
[152,263]
[190,225]
[195,187]
[157,149]
[119,111]
[81,80]
[43,118]
[5,156]
[0,194]
[38,232]
[76,270]
[114,308]
[152,346]
[190,384]
[195,415]
[157,377]
[119,339]
[81,301]
[43,263]
[5,225]
[0,187]
[38,149]
[76,111]
[114,80]
[152,118]
[190,156]
[195,194]
[157,232]
[119,270]
[81,308]
[43,346]
[5,384]
[0,415]
[38,377]
[76,339]
[114,301]
[152,263]
[190,225]
[195,187]
[157,149]
[119,111]
[81,80]
[43,118]
[5,156]
[0,194]
[38,232]
[76,270]
[114,308]
[152,346]
[190,384]
[195,415]
[157,377]
[119,339]
[81,301]
[43,263]
[5,225]
[0,187]
[38,149]
[76,111]
[114,80]
[152,118]
[190,156]
[195,194]
[157,232]
[119,270]
[81,308]
[42,347]
[3,386]
[0,415]
[39,376]
[78,337]
[117,298]
[156,259]
[195,220]
[156,181]
[117,142]
[78,103]
[39,80]
[0,119]
[39,158]
[78,197]
[117,236]
[156,275]
[195,314]
[156,353]
[117,392]
[78,415]
[39,376]
[0,337]
[39,298]
[78,259]
[117,220]
[156,181]
[195,142]
[156,103]
[117,80]
[78,119]
[39,158]
[0,197]
[39,236]
[78,275]
[117,314]
[156,353]
[195,392]
[156,415]
[117,376]
[78,337]
[39,298]
[0,259]
[39,220]
[78,181]
[117,142]
[156,103]
[195,80]
[156,119]
[117,158]
[78,197]
[39,236]
[0,275]
[39,314]
[78,353]
[117,392]
[156,415]
[195,376]
[156,337]
[117,298]
[78,259]
[39,220]
[0,181]
[39,142]
[78,103]
[117,80]
[156,119]
[195,158]
[156,197]
[117,236]
[78,275]
[39,314]
[0,353]
[39,392]
[78,415]
[117,376]
[156,337]
[195,298]
[156,259]
[117,220]
[78,181]
[39,142]
[0,103]
[39,80]
[78,119]
[117,158]
[156,197]
[195,236]
[156,275]
[117,314]
[78,353]
[39,392]
[0,415]
[39,376]
[78,337]
[117,298]
[156,259]
[195,220]
[156,181]
[117,142]
[77,102]
[37,80]
[0,120]
[40,160]
[80,200]
[120,240]
[160,280]
[195,320]
[155,360]
[115,400]
[75,415]
[35,375]
[0,335]
[40,295]
[80,255]
[120,215]
[160,175]
[195,135]
[155,95]
[115,80]
[75,120]
[35,160]
[0,200]
[40,240]
[80,280]
[120,320]
[160,360]
[195,400]
[155,415]
[115,375]
[75,335]
[35,295]
[0,255]
[40,215]
[80,175]
[120,135]
[160,95]
[195,80]
[155,120]
[115,160]
[75,200]
[35,240]
[0,280]
[40,320]
[80,360]
[120,400]
[160,415]
[195,375]
[155,335]
[115,295]
[75,255]
[35,215]
[0,175]
[40,135]
[80,95]
[120,80]
[160,120]
[195,160]
[155,200]
[115,240]
[75,280]
[35,320]
[0,360]
[40,400]
[80,415]
[120,375]
[160,335]
[195,295]
[155,255]
[115,215]
[75,175]
[35,135]
[0,95]
[40,80]
[80,120]
[120,160]
[160,200]
[195,240]
[155,280]
[115,320]
[75,360]
[35,400]
[0,415]
[40,375]
[80,335]
[120,295]
[160,255]
[195,215]
[155,175]
[115,135]
[75,95]
[35,80]
[0,120]
[40,160]
[80,200]
[120,240]
[160,280]
[195,320]
[155,360]
[115,400]
[74,415]
